#          omega_b,     omega_dcdmdr,       Gamma_dcdm,      100*theta_s,     ln10^{10}A_s,              n_s,         tau_reio,        A_cib_217,        xi_sz_cib,             A_sz,     ps_A_100_100,     ps_A_143_143,     ps_A_143_217,     ps_A_217_217,         ksz_norm,     gal545_A_100,     gal545_A_143, gal545_A_143_217,     gal545_A_217,       calib_100T,       calib_217T,         A_planck,           z_reio,     Omega_Lambda,              YHe,               H0,              A_s,           sigma8
 3.81126e-08	-6.40207e-08	-1.59347e-05	 1.30679e-08	 1.18825e-06	 3.23700e-07	 6.45607e-07	-1.50151e-04	 4.95899e-06	 2.60353e-05	-6.00754e-04	-3.60081e-04	-1.00921e-04	-2.37946e-05	-4.65531e-05	-2.16042e-07	 7.44494e-06	 1.18081e-06	 3.19529e-05	 3.08927e-10	-1.16612e-08	-6.71969e-09	 5.09758e-05	 6.12790e-07	 1.62158e-08	 6.55168e-05	 2.53144e-15	 1.82413e-07	
-6.40207e-08	 1.89229e-06	-1.16703e-03	-2.40489e-09	-1.37648e-05	-2.77886e-06	-8.15209e-06	 2.70754e-04	-1.82020e-05	-2.82822e-05	 3.05257e-04	 1.93021e-04	-2.68598e-04	-1.56567e-04	 2.53242e-04	 1.00530e-05	-3.60241e-06	-7.25394e-05	-1.26964e-04	 2.35940e-08	 1.66863e-08	-2.59082e-08	-7.43265e-04	-8.52504e-06	-2.72287e-08	-5.46198e-04	-2.93398e-14	-8.83138e-07	
-1.59347e-05	-1.16703e-03	 2.03058e+00	-4.02865e-05	 6.56389e-03	-6.45861e-04	 2.84917e-03	-7.22169e-02	 2.39748e-03	-3.36444e-02	 7.25998e-01	 3.80792e-01	 2.32024e-01	 3.68894e-01	-9.84084e-02	 1.78312e-02	-4.48015e-02	 3.22991e-02	 5.43489e-02	-2.05092e-05	-1.99848e-05	 4.54431e-05	 2.80329e-01	 2.80617e-03	-6.77237e-06	 3.54979e-02	 1.39746e-11	 8.87490e-04	
 1.30679e-08	-2.40489e-09	-4.02865e-05	 1.52388e-07	 2.47443e-06	 3.48288e-07	 1.13914e-06	-3.70233e-05	 4.18213e-07	-7.11806e-06	 4.15772e-05	-4.90079e-05	 2.38972e-05	 9.08957e-05	-2.49775e-05	 1.15736e-05	 4.02583e-06	-2.73864e-05	 5.25006e-06	 2.36844e-09	 4.60311e-09	 5.41870e-08	 1.04600e-04	 5.84578e-07	 5.55615e-09	 7.13859e-05	 5.28921e-15	 1.12190e-06	
 1.18825e-06	-1.37648e-05	 6.56389e-03	 2.47443e-06	 4.98300e-04	 3.56571e-05	 2.52473e-04	-4.39649e-03	 2.73655e-04	-7.27558e-04	-3.73231e-03	-6.44852e-03	 1.19922e-03	 4.44330e-03	-6.00422e-03	-3.31111e-04	 3.39085e-04	-2.78245e-03	-2.23243e-03	-7.62400e-07	-7.44745e-07	 6.28744e-06	 2.35669e-02	 7.60035e-05	 5.05985e-07	 5.80721e-03	 1.06372e-12	 1.67989e-04	
 3.23700e-07	-2.77886e-06	-6.45861e-04	 3.48288e-07	 3.56571e-05	 1.85212e-05	 2.22095e-05	-4.58196e-03	 1.73131e-04	 6.75820e-05	-1.48781e-02	-3.15472e-03	 3.27099e-03	 5.05727e-03	-2.77095e-03	 3.62819e-04	 1.08755e-04	-4.48625e-04	 9.15609e-04	-2.76826e-07	-2.00686e-07	 3.25692e-07	 1.97841e-03	 1.84357e-05	 1.37779e-07	 1.55266e-03	 7.61110e-14	 8.33590e-06	
 6.45607e-07	-8.15209e-06	 2.84917e-03	 1.13914e-06	 2.52473e-04	 2.22095e-05	 1.36486e-04	-3.02442e-03	 1.05032e-04	 1.52510e-05	-8.53308e-03	-5.83571e-03	-1.21830e-03	-5.75860e-05	-2.65459e-03	-1.30769e-04	 5.17757e-04	-9.38166e-04	-1.30278e-03	-5.17325e-07	-4.41923e-07	-2.58115e-06	 1.27255e-02	 4.53538e-05	 2.74776e-07	 3.46451e-03	 5.38924e-13	 8.13238e-05	
-1.50151e-04	 2.70754e-04	-7.22169e-02	-3.70233e-05	-4.39649e-03	-4.58196e-03	-3.02442e-03	 4.45211e+01	-5.73164e-01	-2.01368e+00	 5.04589e+01	 2.24050e+00	-2.26250e+01	-5.99264e+01	-1.41063e+00	-1.66877e-01	-5.72035e-03	-2.79055e+00	-1.91536e+01	-3.51251e-04	 4.37440e-03	 1.36181e-03	-2.47229e-01	-2.26753e-03	-6.38931e-05	-2.35424e-01	-9.40481e-12	-1.72006e-03	
 4.95899e-06	-1.82020e-05	 2.39748e-03	 4.18213e-07	 2.73655e-04	 1.73131e-04	 1.05032e-04	-5.73164e-01	 7.83351e-02	-6.72076e-02	-6.69166e-01	 1.24610e+00	 2.28884e+00	 9.93021e-01	 2.47130e-02	 5.98985e-03	 1.50479e-02	 1.24913e-01	 1.14799e-01	 9.59604e-06	-2.33293e-05	 9.57721e-06	 8.02752e-03	 1.21263e-04	 2.11094e-06	 1.09531e-02	 5.89617e-13	 8.16027e-05	
 2.60353e-05	-2.82822e-05	-3.36444e-02	-7.11806e-06	-7.27558e-04	 6.75820e-05	 1.52510e-05	-2.01368e+00	-6.72076e-02	 3.89966e+00	-3.54006e+01	-9.90022e+00	 2.03948e+00	 2.49648e+00	 9.61672e-02	-2.67697e-01	 5.73417e-02	 2.27970e+00	 2.14508e+00	 1.65677e-04	-4.32605e-04	-2.35290e-05	-5.51064e-03	 3.20838e-04	 1.10681e-05	 3.77551e-02	-1.56808e-12	-5.32613e-04	
-6.00754e-04	 3.05257e-04	 7.25998e-01	 4.15772e-05	-3.73231e-03	-1.48781e-02	-8.53308e-03	 5.04589e+01	-6.69166e-01	-3.54006e+01	 8.66542e+02	 1.26326e+02	-2.47059e+01	-3.91813e+01	-1.28905e+01	-2.30897e+00	 2.42009e+00	-1.59755e+01	-2.11455e+01	 5.86486e-03	 5.39886e-03	 4.07441e-03	-6.55306e-01	-5.92420e-03	-2.55545e-04	-7.73261e-01	-7.75906e-12	-1.51787e-03	
-3.60081e-04	 1.93021e-04	 3.80792e-01	-4.90079e-05	-6.44852e-03	-3.15472e-03	-5.83571e-03	 2.24050e+00	 1.24610e+00	-9.90022e+00	 1.26326e+02	 9.26343e+01	 6.21795e+01	 2.84886e+01	-1.13234e+01	 4.67380e-01	-1.15423e+00	 5.13043e-01	-1.27336e-01	-8.51345e-05	 7.89218e-04	 5.12326e-04	-4.75269e-01	-3.74990e-03	-1.53174e-04	-4.82774e-01	-1.34649e-11	-9.19592e-04	
-1.00921e-04	-2.68598e-04	 2.32024e-01	 2.38972e-05	 1.19922e-03	 3.27099e-03	-1.21830e-03	-2.26250e+01	 2.28884e+00	 2.03948e+00	-2.47059e+01	 6.21795e+01	 1.08291e+02	 6.84249e+01	-9.81081e+00	-3.38249e-02	-3.25116e-01	 1.98983e+00	 1.82160e+00	 6.35028e-04	-2.28664e-03	 1.64333e-04	-1.12558e-01	 5.64897e-04	-4.28608e-05	-2.56862e-02	 2.87446e-12	 1.28917e-03	
-2.37946e-05	-1.56567e-04	 3.68894e-01	 9.08957e-05	 4.44330e-03	 5.05727e-03	-5.75860e-05	-5.99264e+01	 9.93021e-01	 2.49648e+00	-3.91813e+01	 2.84886e+01	 6.84249e+01	 1.19146e+02	-8.56948e+00	 2.69322e-01	-4.41981e-01	-2.54577e+00	 1.22869e+01	 6.38910e-04	-7.20980e-03	 8.42010e-06	-1.13150e-02	 3.98080e-04	-1.00173e-05	-3.00868e-04	 9.74471e-12	 3.45977e-03	
-4.65531e-05	 2.53242e-04	-9.84084e-02	-2.49775e-05	-6.00422e-03	-2.77095e-03	-2.65459e-03	-1.41063e+00	 2.47130e-02	 9.61672e-02	-1.28905e+01	-1.13234e+01	-9.81081e+00	-8.56948e+00	 6.39828e+00	-7.51778e-02	-1.12294e-01	-3.46930e-01	-3.70935e-02	 2.63718e-06	-1.74436e-04	 1.04616e-04	-2.34281e-01	-1.51661e-03	-1.98442e-05	-1.26062e-01	-1.28842e-11	-2.33078e-03	
-2.16042e-07	 1.00530e-05	 1.78312e-02	 1.15736e-05	-3.31111e-04	 3.62819e-04	-1.30769e-04	-1.66877e-01	 5.98985e-03	-2.67697e-01	-2.30897e+00	 4.67380e-01	-3.38249e-02	 2.69322e-01	-7.51778e-02	 3.49723e+00	 4.12440e-01	 3.27292e-02	 9.84577e-02	 2.88407e-04	-3.92145e-05	 2.76594e-05	-1.13076e-02	-4.71830e-05	-1.03591e-07	-3.29949e-03	-7.10685e-13	 4.85856e-05	
 7.44494e-06	-3.60241e-06	-4.48015e-02	 4.02583e-06	 3.39085e-04	 1.08755e-04	 5.17757e-04	-5.72035e-03	 1.50479e-02	 5.73417e-02	 2.42009e+00	-1.15423e+00	-3.25116e-01	-4.41981e-01	-1.12294e-01	 4.12440e-01	 3.33671e+00	 2.75114e+00	 1.98425e+00	-2.62849e-04	-1.69863e-04	-2.84239e-05	 4.79151e-02	 1.42030e-04	 3.17461e-06	 1.76049e-02	 6.91830e-13	 6.98874e-05	
 1.18081e-06	-7.25394e-05	 3.22991e-02	-2.73864e-05	-2.78245e-03	-4.48625e-04	-9.38166e-04	-2.79055e+00	 1.24913e-01	 2.27970e+00	-1.59755e+01	 5.13043e-01	 1.98983e+00	-2.54577e+00	-3.46930e-01	 3.27292e-02	 2.75114e+00	 1.74327e+01	 2.62167e+01	-6.29602e-05	 2.47659e-03	 1.17352e-05	-8.98198e-02	 2.51462e-04	 4.50626e-07	 1.30490e-02	-5.98800e-12	-1.51506e-03	
 3.19529e-05	-1.26964e-04	 5.43489e-02	 5.25006e-06	-2.23243e-03	 9.15609e-04	-1.30278e-03	-1.91536e+01	 1.14799e-01	 2.14508e+00	-2.11455e+01	-1.27336e-01	 1.82160e+00	 1.22869e+01	-3.70935e-02	 9.84577e-02	 1.98425e+00	 2.62167e+01	 5.54450e+01	 6.19194e-05	 4.51781e-03	 4.40744e-04	-1.32066e-01	 7.69974e-04	 1.35399e-05	 6.80446e-02	-4.81204e-12	-1.13844e-03	
 3.08927e-10	 2.35940e-08	-2.05092e-05	 2.36844e-09	-7.62400e-07	-2.76826e-07	-5.17325e-07	-3.51251e-04	 9.59604e-06	 1.65677e-04	 5.86486e-03	-8.51345e-05	 6.35028e-04	 6.38910e-04	 2.63718e-06	 2.88407e-04	-2.62849e-04	-6.29602e-05	 6.19194e-05	 6.01053e-07	-1.65343e-08	 1.33677e-09	-4.97876e-05	-8.35866e-08	 1.30775e-10	-3.92825e-06	-1.61325e-15	-3.31205e-07	
-1.16612e-08	 1.66863e-08	-1.99848e-05	 4.60311e-09	-7.44745e-07	-2.00686e-07	-4.41923e-07	 4.37440e-03	-2.33293e-05	-4.32605e-04	 5.39886e-03	 7.89218e-04	-2.28664e-03	-7.20980e-03	-1.74436e-04	-3.92145e-05	-1.69863e-04	 2.47659e-03	 4.51781e-03	-1.65343e-08	 2.07237e-06	 6.19177e-08	-3.97131e-05	-1.12236e-07	-4.97662e-09	-1.14707e-05	-1.58648e-15	-2.76676e-07	
-6.71969e-09	-2.59082e-08	 4.54431e-05	 5.41870e-08	 6.28744e-06	 3.25692e-07	-2.58115e-06	 1.36181e-03	 9.57721e-06	-2.35290e-05	 4.07441e-03	 5.12326e-04	 1.64333e-04	 8.42010e-06	 1.04616e-04	 2.76594e-05	-2.84239e-05	 1.17352e-05	 4.40744e-04	 1.33677e-09	 6.19177e-08	 5.76295e-06	-2.47969e-04	 1.87653e-07	-2.75051e-09	 1.30943e-05	 1.34150e-14	 2.67455e-06	
 5.09758e-05	-7.43265e-04	 2.80329e-01	 1.04600e-04	 2.35669e-02	 1.97841e-03	 1.27255e-02	-2.47229e-01	 8.02752e-03	-5.51064e-03	-6.55306e-01	-4.75269e-01	-1.12558e-01	-1.13150e-02	-2.34281e-01	-1.13076e-02	 4.79151e-02	-8.98198e-02	-1.32066e-01	-4.97876e-05	-3.97131e-05	-2.47969e-04	 1.19144e+00	 4.06283e-03	 2.17003e-05	 3.05189e-01	 5.02745e-11	 7.67924e-03	
 6.12790e-07	-8.52504e-06	 2.80617e-03	 5.84578e-07	 7.60035e-05	 1.84357e-05	 4.53538e-05	-2.26753e-03	 1.21263e-04	 3.20838e-04	-5.92420e-03	-3.74990e-03	 5.64897e-04	 3.98080e-04	-1.51661e-03	-4.71830e-05	 1.42030e-04	 2.51462e-04	 7.69974e-04	-8.35866e-08	-1.12236e-07	 1.87653e-07	 4.06283e-03	 4.56592e-05	 2.60665e-07	 3.39151e-03	 1.62048e-13	 7.49454e-06	
 1.62158e-08	-2.72287e-08	-6.77237e-06	 5.55615e-09	 5.05985e-07	 1.37779e-07	 2.74776e-07	-6.38931e-05	 2.11094e-06	 1.10681e-05	-2.55545e-04	-1.53174e-04	-4.28608e-05	-1.00173e-05	-1.98442e-05	-1.03591e-07	 3.17461e-06	 4.50626e-07	 1.35399e-05	 1.30775e-10	-4.97662e-09	-2.75051e-09	 2.17003e-05	 2.60665e-07	 6.89953e-09	 2.78686e-05	 1.07793e-15	 7.78474e-08	
 6.55168e-05	-5.46198e-04	 3.54979e-02	 7.13859e-05	 5.80721e-03	 1.55266e-03	 3.46451e-03	-2.35424e-01	 1.09531e-02	 3.77551e-02	-7.73261e-01	-4.82774e-01	-2.56862e-02	-3.00868e-04	-1.26062e-01	-3.29949e-03	 1.76049e-02	 1.30490e-02	 6.80446e-02	-3.92825e-06	-1.14707e-05	 1.30943e-05	 3.05189e-01	 3.39151e-03	 2.78686e-05	 2.78694e-01	 1.23854e-11	 7.09354e-04	
 2.53144e-15	-2.93398e-14	 1.39746e-11	 5.28921e-15	 1.06372e-12	 7.61110e-14	 5.38924e-13	-9.40481e-12	 5.89617e-13	-1.56808e-12	-7.75906e-12	-1.34649e-11	 2.87446e-12	 9.74471e-12	-1.28842e-11	-7.10685e-13	 6.91830e-13	-5.98800e-12	-4.81204e-12	-1.61325e-15	-1.58648e-15	 1.34150e-14	 5.02745e-11	 1.62048e-13	 1.07793e-15	 1.23854e-11	 2.27127e-21	 3.58768e-13	
 1.82413e-07	-8.83138e-07	 8.87490e-04	 1.12190e-06	 1.67989e-04	 8.33590e-06	 8.13238e-05	-1.72006e-03	 8.16027e-05	-5.32613e-04	-1.51787e-03	-9.19592e-04	 1.28917e-03	 3.45977e-03	-2.33078e-03	 4.85856e-05	 6.98874e-05	-1.51506e-03	-1.13844e-03	-3.31205e-07	-2.76676e-07	 2.67455e-06	 7.67924e-03	 7.49454e-06	 7.78474e-08	 7.09354e-04	 3.58768e-13	 6.83300e-05	
