#          omega_b,        omega_cdm,                h,              n_s,              A_s,         tau_reio,           w0_fld,           wa_fld,             N_ur,       omega_ncdm,          Omega_k,        A_cib_217,        xi_sz_cib,             A_sz,     ps_A_100_100,     ps_A_143_143,     ps_A_143_217,     ps_A_217_217,         ksz_norm,     gal545_A_100,     gal545_A_143, gal545_A_143_217,     gal545_A_217,    galf_TE_A_100, galf_TE_A_100_143, galf_TE_A_100_217,    galf_TE_A_143, galf_TE_A_143_217,    galf_TE_A_217,       calib_100T,       calib_217T,         A_planck,                M,           z_reio,              YHe,               H0,           sigma8,       Omega0_fld,       m_ncdm_tot,             Neff,          Omega_m,          omega_m,      100*theta_s
 3.168033e-08	-5.147515e-08	 2.886442e-07	 6.362089e-07	 7.675679e-16	 1.914586e-07	 1.260501e-06	-2.709155e-06	 6.923167e-06	-2.266568e-08	-2.110004e-07	-5.552947e-05	 7.225242e-07	 1.450149e-05	-3.119387e-04	-2.094197e-04	-1.153735e-04	-6.247975e-05	-2.401043e-05	 4.426381e-06	-5.695764e-07	-1.019947e-05	 2.059117e-06	-8.047672e-08	-4.285006e-08	-2.034419e-07	-2.701730e-07	-5.375737e-07	-2.954760e-06	-1.238391e-09	-3.091357e-09	-5.132189e-09	 9.205563e-07	 1.138545e-05	 1.046970e-07	 2.886442e-05	 1.240723e-07	 5.609862e-07	-2.111082e-06	 6.923167e-06	-3.500502e-07	-4.247450e-08	-1.451250e-09	
-5.147515e-08	 3.677088e-06	 7.284110e-06	-7.578134e-07	 1.314474e-14	-1.103149e-06	-2.176141e-05	 1.265381e-04	 1.141675e-04	 2.366750e-07	 2.718435e-06	 7.423116e-04	-2.431292e-05	-2.475312e-04	 5.120776e-03	 2.857378e-03	 9.958976e-04	 5.160535e-04	 4.439304e-04	-7.662743e-06	 7.851337e-05	 1.535519e-04	 1.003063e-04	 3.331400e-07	 9.720045e-07	 3.110360e-06	 3.215091e-06	 3.110763e-06	 2.162188e-05	-1.808009e-08	 3.133804e-08	-1.566276e-08	 2.242326e-05	-1.007179e-05	 1.479407e-06	 7.284110e-04	 4.132779e-06	-4.403437e-06	 2.204391e-05	 1.141675e-04	 1.685096e-06	 3.862413e-06	-3.706727e-07	
 2.886442e-07	 7.284110e-06	 9.493833e-05	 1.058002e-05	 5.699022e-14	 4.501188e-06	-3.986280e-04	 1.166527e-03	 3.802003e-04	-4.744367e-07	 8.283300e-06	 1.486824e-03	-3.205957e-05	-2.498525e-04	 8.106067e-03	 3.822295e-03	 1.714464e-03	 1.133298e-04	 5.402967e-04	 1.367846e-04	 1.581100e-04	 3.146932e-04	 3.113855e-04	 4.121326e-07	 2.383230e-06	 9.672176e-06	 1.985442e-06	 3.746870e-06	 3.534684e-06	-8.334160e-08	 3.958252e-08	 2.925745e-07	 2.116150e-04	 6.047024e-04	 5.125749e-06	 9.493833e-03	 6.598780e-05	 6.173661e-05	-4.418904e-05	 3.802004e-04	-7.000976e-05	 7.097966e-06	-9.193923e-07	
 6.362089e-07	-7.578134e-07	 1.058002e-05	 3.398982e-05	 3.191953e-14	 9.137969e-06	 3.823846e-05	-5.576862e-05	 3.204127e-04	-7.017489e-07	-6.849543e-06	-3.151835e-03	 7.977022e-05	 8.008854e-04	-1.859661e-02	-5.373584e-03	 9.491834e-04	 2.940300e-03	-1.936124e-03	 4.035595e-04	-6.018245e-05	-1.719468e-04	 7.427526e-04	-4.601712e-06	-5.112554e-07	-8.325316e-06	-2.122866e-06	-9.758280e-06	-6.083968e-05	-1.966063e-07	-1.248218e-07	-3.763420e-07	 3.354010e-05	 7.826063e-04	 4.486840e-06	 1.058002e-03	 8.093843e-06	 1.810387e-05	-6.536090e-05	 3.204126e-04	-1.125742e-05	-8.238355e-07	-2.681885e-07	
 7.675679e-16	 1.314474e-14	 5.699022e-14	 3.191953e-14	 1.138459e-21	 2.303315e-13	-6.592315e-13	 4.848032e-12	 7.991372e-13	 4.437684e-15	 3.842908e-14	-3.227849e-14	 7.385796e-15	-4.600557e-13	 1.212940e-11	 5.114273e-12	 6.060333e-12	 1.430244e-11	-1.485387e-12	-4.152874e-13	-5.114596e-13	-6.613532e-13	 3.443271e-12	 1.804297e-14	-9.041242e-15	-7.803816e-15	-1.516901e-14	-5.860808e-14	-3.552288e-14	 6.491150e-17	-8.076881e-17	 2.343605e-14	 1.440410e-13	 2.412805e-11	 1.085128e-14	 5.699022e-12	 1.361779e-14	-2.656983e-14	 4.133259e-13	 7.991370e-13	-1.185333e-14	 1.835285e-14	-1.619760e-15	
 1.914586e-07	-1.103149e-06	 4.501188e-06	 9.137969e-06	 2.303315e-13	 5.742351e-05	-1.113206e-04	 8.731844e-04	 5.677039e-05	 6.827861e-07	 5.193593e-06	-6.771930e-04	 7.992486e-06	 2.642682e-04	-5.042261e-03	-2.829894e-03	-1.027197e-03	-3.382170e-04	-4.591647e-04	 8.235117e-05	 3.218895e-05	-5.756724e-05	-1.251335e-04	 2.446228e-06	-1.395827e-06	-4.152466e-06	-5.082065e-06	-1.529022e-05	-3.069764e-05	-2.954565e-08	-6.199711e-08	-9.116874e-07	 7.668113e-06	 5.894742e-03	 8.318808e-07	 4.501188e-04	-5.869673e-07	-7.098451e-07	 6.359469e-05	 5.677035e-05	-4.482652e-06	-2.284230e-07	 1.812554e-08	
 1.260501e-06	-2.176141e-05	-3.986280e-04	 3.823846e-05	-6.592315e-13	-1.113206e-04	 8.917870e-03	-4.233667e-02	-1.827907e-04	 1.254039e-05	-1.436035e-04	-3.668690e-03	-1.200562e-05	 2.310370e-03	-1.700931e-02	-2.200686e-02	-1.259460e-02	-1.483568e-02	-3.030377e-03	 1.229882e-03	 1.003561e-03	-1.322101e-03	-6.732309e-03	-4.380195e-05	-4.875893e-06	-3.545545e-05	-2.155308e-05	 7.496122e-05	 6.153605e-06	 1.819971e-07	-7.356166e-07	-2.085752e-05	-1.491454e-04	-1.352531e-02	-1.864369e-06	-3.986280e-02	-3.417099e-05	-1.973468e-04	 1.168012e-03	-1.827904e-04	 3.409111e-04	-7.949562e-06	 2.267146e-06	
-2.709155e-06	 1.265381e-04	 1.166527e-03	-5.576862e-05	 4.848032e-12	 8.731844e-04	-4.233667e-02	 2.489430e-01	 3.114693e-03	-1.194641e-04	 9.971049e-04	 1.280442e-02	 1.288135e-04	-1.518778e-02	 1.081169e-01	 1.277827e-01	 7.660020e-02	 1.068753e-01	 1.865460e-02	-6.419965e-03	-1.522348e-03	 7.203152e-03	 4.276471e-02	 1.554537e-04	-5.138497e-05	 1.127062e-04	 9.877399e-05	-6.739926e-04	-8.704727e-04	-1.331023e-06	 4.179773e-06	 1.351860e-04	-2.746348e-04	 1.019833e-01	 3.976111e-05	 1.166527e-01	-1.001266e-03	 4.225518e-05	-1.112689e-02	 3.114692e-03	-1.039415e-03	 4.267502e-06	-1.433737e-05	
 6.923167e-06	 1.141675e-04	 3.802003e-04	 3.204127e-04	 7.991372e-13	 5.677039e-05	-1.827907e-04	 3.114693e-03	 8.336169e-03	 2.147886e-08	-6.411888e-06	 3.616491e-02	-1.096662e-03	-8.330975e-03	 1.865175e-01	 7.681980e-02	 6.654460e-03	-1.738453e-02	 1.818303e-02	 2.267609e-03	 6.635955e-03	 4.903669e-03	-4.749025e-03	-1.932439e-05	 1.951641e-05	 2.559111e-05	 4.199347e-05	-4.794159e-05	-1.639494e-04	-2.041995e-06	 2.336168e-07	-4.983639e-06	 1.187913e-03	 7.206319e-03	 1.126293e-04	 3.802003e-02	 1.785472e-04	 8.990609e-05	 2.000533e-06	 8.336168e-03	-8.353385e-05	 1.211109e-04	-1.781859e-05	
-2.266568e-08	 2.366750e-07	-4.744367e-07	-7.017489e-07	 4.437684e-15	 6.827861e-07	 1.254039e-05	-1.194641e-04	 2.147886e-08	 5.047947e-07	 1.693547e-07	 8.388190e-05	 3.974860e-07	-4.700607e-05	 8.126215e-04	 3.655022e-04	 1.368665e-04	 1.348440e-04	 3.934970e-05	-2.414802e-05	-2.637380e-05	-1.003617e-05	-3.749480e-05	 4.566326e-09	 1.375573e-07	 1.771408e-07	 5.008977e-07	 7.184024e-07	 5.992270e-06	 6.093025e-09	 3.037806e-09	 1.168099e-07	-4.253987e-07	 8.265345e-05	-9.300734e-09	-4.744367e-05	-5.109011e-06	-2.131363e-06	 4.701657e-05	 2.147702e-08	 1.962747e-06	 7.191871e-07	-1.387250e-08	
-2.110004e-07	 2.718435e-06	 8.283300e-06	-6.849543e-06	 3.842908e-14	 5.193593e-06	-1.436035e-04	 9.971049e-04	-6.411888e-06	 1.693547e-07	 9.992231e-06	 2.781418e-04	-3.857207e-07	-2.145401e-04	 3.677631e-03	 2.740188e-03	 1.823891e-03	 1.854983e-03	 1.977033e-04	-1.013467e-04	-7.967367e-05	 9.616158e-05	 3.698303e-04	 6.717510e-07	 3.064670e-07	 4.162717e-06	 3.805959e-06	 2.436506e-06	 2.743067e-05	 2.142550e-08	 5.536887e-08	 1.045240e-06	 1.816791e-05	 6.988426e-04	-1.756340e-07	 8.283300e-04	-1.273401e-05	-8.267466e-06	 1.577369e-05	-6.411874e-06	-1.723239e-06	 2.676841e-06	-2.133298e-07	
-5.552947e-05	 7.423116e-04	 1.486824e-03	-3.151835e-03	-3.227849e-14	-6.771930e-04	-3.668690e-03	 1.280442e-02	 3.616491e-02	 8.388190e-05	 2.781418e-04	 4.429991e+01	-4.063443e-01	-7.396958e-01	 3.524248e+01	 2.009652e+00	-1.294957e+01	-5.407642e+01	-2.120799e-01	 1.084803e-01	 5.423260e-01	-5.754306e+00	-3.307536e+01	 7.600434e-04	 6.936082e-04	-8.685230e-04	 1.387466e-04	-1.795253e-03	 2.326162e-03	-1.818275e-04	 7.577436e-04	 6.052746e-04	 4.589210e-03	-3.988096e-02	 4.522426e-04	 1.486824e-01	-1.201419e-03	-5.789005e-04	 7.812762e-03	 3.616492e-02	 3.006466e-04	 7.706981e-04	-8.052106e-05	
 7.225242e-07	-2.431292e-05	-3.205957e-05	 7.977022e-05	 7.385796e-15	 7.992486e-06	-1.200562e-05	 1.288135e-04	-1.096662e-03	 3.974860e-07	-3.857207e-07	-4.063443e-01	 8.221315e-02	-4.516111e-02	-5.927627e-01	 8.895251e-01	 1.680372e+00	 6.362961e-01	 4.780510e-02	-6.763422e-03	 1.131242e-02	 1.069187e-01	 1.402421e-01	-1.634629e-05	-2.332565e-05	-1.696213e-04	 5.225384e-05	 3.912885e-05	-3.848451e-04	 4.295304e-06	-3.660438e-06	 3.468420e-06	-1.131880e-04	 1.295744e-04	-1.415475e-05	-3.205957e-03	-3.055947e-05	 2.007444e-05	 3.702189e-05	-1.096662e-03	-1.967681e-05	-2.319099e-05	 2.083832e-06	
 1.450149e-05	-2.475312e-04	-2.498525e-04	 8.008854e-04	-4.600557e-13	 2.642682e-04	 2.310370e-03	-1.518778e-02	-8.330975e-03	-4.700607e-05	-2.145401e-04	-7.396958e-01	-4.516111e-02	 3.899960e+00	-3.047802e+01	-3.183888e+00	 7.630282e+00	 5.306148e+00	-2.875951e+00	-2.080723e-01	 1.230147e-01	 2.639355e+00	 3.188314e+00	 4.418917e-04	-2.421775e-04	 2.497287e-04	 8.040073e-04	 3.017168e-05	-5.404333e-03	 1.041516e-04	-5.312176e-05	-8.296822e-05	-7.905362e-04	 1.771055e-02	-1.034715e-04	-2.498525e-02	 8.311596e-04	 5.880351e-04	-4.378146e-03	-8.330968e-03	-3.735030e-04	-2.800674e-04	 1.262123e-05	
-3.119387e-04	 5.120776e-03	 8.106067e-03	-1.859661e-02	 1.212940e-11	-5.042261e-03	-1.700931e-02	 1.081169e-01	 1.865175e-01	 8.126215e-04	 3.677631e-03	 3.524248e+01	-5.927627e-01	-3.047802e+01	 7.722557e+02	 6.796458e+01	-5.362339e+01	-5.895186e+01	 1.485514e+01	-6.164256e+00	 5.852778e+00	-1.246851e+01	-2.390479e+01	-2.793050e-03	 7.539022e-04	 2.852457e-02	 1.271824e-03	-1.764435e-03	 7.337327e-02	 3.778197e-03	 7.392402e-04	 4.052006e-03	 2.647695e-02	-3.237984e-01	 2.324283e-03	 8.106067e-01	-9.845228e-03	-8.328925e-03	 7.568757e-02	 1.865174e-01	 4.651624e-03	 5.622041e-03	-4.113608e-04	
-2.094197e-04	 2.857378e-03	 3.822295e-03	-5.373584e-03	 5.114273e-12	-2.829894e-03	-2.200686e-02	 1.277827e-01	 7.681980e-02	 3.655022e-04	 2.740188e-03	 2.009652e+00	 8.895251e-01	-3.183888e+00	 6.796458e+01	 6.152677e+01	 4.073126e+01	 1.594969e+01	-4.984192e+00	-4.981034e-01	-1.298502e+00	 3.437714e+00	 4.097143e+00	-1.543913e-03	 2.765214e-04	 1.680832e-03	 3.020008e-03	 6.088891e-03	 4.028727e-02	 7.155224e-05	 1.577598e-04	 7.855244e-04	 1.206607e-02	-1.705129e-01	 9.205510e-04	 3.822295e-01	-2.677847e-03	-5.733090e-03	 3.404288e-02	 7.681979e-02	 2.993097e-03	 3.013690e-03	-2.233335e-04	
-1.153735e-04	 9.958976e-04	 1.714464e-03	 9.491834e-04	 6.060333e-12	-1.027197e-03	-1.259460e-02	 7.660020e-02	 6.654460e-03	 1.368665e-04	 1.823891e-03	-1.294957e+01	 1.680372e+00	 7.630282e+00	-5.362339e+01	 4.073126e+01	 8.534365e+01	 5.386525e+01	-1.222901e+01	-9.162424e-01	-6.615727e-01	 5.019824e+00	 8.100906e+00	-7.330844e-04	-2.078966e-03	-1.695254e-03	 6.855462e-03	 3.510570e-03	 1.662128e-03	 4.143514e-04	-4.200009e-04	 6.237825e-04	 5.217646e-03	-4.920626e-02	 3.652328e-05	 1.714464e-01	 6.219445e-04	-2.473018e-03	 1.274775e-02	 6.654468e-03	 6.495340e-04	 1.017486e-03	-1.097812e-04	
-6.247975e-05	 5.160535e-04	 1.133298e-04	 2.940300e-03	 1.430244e-11	-3.382170e-04	-1.483568e-02	 1.068753e-01	-1.738453e-02	 1.348440e-04	 1.854983e-03	-5.407642e+01	 6.362961e-01	 5.306148e+00	-5.895186e+01	 1.594969e+01	 5.386525e+01	 1.032617e+02	-9.648274e+00	-6.328087e-01	-1.225080e+00	 5.483553e+00	 3.295047e+01	-1.597973e-03	-2.247582e-03	-3.116250e-04	 5.136819e-03	 6.030670e-03	 1.286211e-02	 4.331099e-04	-1.370226e-03	 1.689137e-03	 2.570091e-04	 2.456575e-03	-2.571159e-04	 1.133298e-02	 4.907262e-04	-3.019128e-03	 1.255937e-02	-1.738454e-02	 1.164569e-03	 5.885110e-04	-4.363148e-05	
-2.401043e-05	 4.439304e-04	 5.402967e-04	-1.936124e-03	-1.485387e-12	-4.591647e-04	-3.030377e-03	 1.865460e-02	 1.818303e-02	 3.934970e-05	 1.977033e-04	-2.120799e-01	 4.780510e-02	-2.875951e+00	 1.485514e+01	-4.984192e+00	-1.222901e+01	-9.648274e+00	 6.269918e+00	 1.632867e-01	-1.499551e-01	-2.115164e+00	-2.271999e+00	 1.336225e-03	 4.978153e-04	 1.050374e-03	-1.231553e-03	-2.306913e-04	 5.681238e-04	-7.552482e-05	 1.013091e-05	-2.707616e-05	 1.722068e-03	-3.042058e-02	 2.295665e-04	 5.402967e-02	-1.019284e-03	-6.867412e-04	 3.665031e-03	 1.818302e-02	 4.889696e-04	 4.592982e-04	-3.286102e-05	
 4.426381e-06	-7.662743e-06	 1.367846e-04	 4.035595e-04	-4.152874e-13	 8.235117e-05	 1.229882e-03	-6.419965e-03	 2.267609e-03	-2.414802e-05	-1.013467e-04	 1.084803e-01	-6.763422e-03	-2.080723e-01	-6.164256e+00	-4.981034e-01	-9.162424e-01	-6.328087e-01	 1.632867e-01	 3.356647e+00	 5.317359e-01	 1.673824e-01	 1.738388e-01	-8.673284e-04	 1.650665e-05	 1.036337e-03	-1.290229e-04	-8.298413e-04	-4.058671e-03	 1.718629e-04	 2.895980e-06	-2.477429e-05	 4.102976e-04	 7.133576e-03	 3.155691e-05	 1.367846e-02	 5.404144e-04	 2.799893e-04	-2.249146e-03	 2.267610e-03	-1.786607e-04	-2.739003e-05	 5.292665e-07	
-5.695764e-07	 7.851337e-05	 1.581100e-04	-6.018245e-05	-5.114596e-13	 3.218895e-05	 1.003561e-03	-1.522348e-03	 6.635955e-03	-2.637380e-05	-7.967367e-05	 5.423260e-01	 1.131242e-02	 1.230147e-01	 5.852778e+00	-1.298502e+00	-6.615727e-01	-1.225080e+00	-1.499551e-01	 5.317359e-01	 3.110661e+00	 2.602329e+00	 2.576956e+00	 1.075696e-04	-1.125796e-04	 8.151447e-05	 9.461533e-04	 9.401489e-05	-1.091150e-03	-1.732520e-04	-4.736887e-05	 1.629430e-05	 6.437928e-04	 5.425951e-03	 8.680326e-05	 1.581100e-02	 3.737587e-04	 1.130419e-04	-2.456456e-03	 6.635959e-03	-3.345717e-05	 5.155397e-05	-9.850255e-06	
-1.019947e-05	 1.535519e-04	 3.146932e-04	-1.719468e-04	-6.613532e-13	-5.756724e-05	-1.322101e-03	 7.203152e-03	 4.903669e-03	-1.003617e-05	 9.616158e-05	-5.754306e+00	 1.069187e-01	 2.639355e+00	-1.246851e+01	 3.437714e+00	 5.019824e+00	 5.483553e+00	-2.115164e+00	 1.673824e-01	 2.602329e+00	 1.065899e+01	 1.906700e+01	 3.639029e-04	 1.697909e-04	 7.027389e-04	 1.003332e-03	-7.298134e-04	 4.097527e-03	-2.561445e-05	 3.969640e-04	-2.445562e-05	 8.465716e-04	 8.464296e-04	 6.014246e-05	 3.146932e-02	 3.222520e-04	-9.352683e-05	-9.347697e-04	 4.903676e-03	-2.627503e-06	 1.333254e-04	-7.863342e-06	
 2.059117e-06	 1.003063e-04	 3.113855e-04	 7.427526e-04	 3.443271e-12	-1.251335e-04	-6.732309e-03	 4.276471e-02	-4.749025e-03	-3.749480e-05	 3.698303e-04	-3.307536e+01	 1.402421e-01	 3.188314e+00	-2.390479e+01	 4.097143e+00	 8.100906e+00	 3.295047e+01	-2.271999e+00	 1.738388e-01	 2.576956e+00	 1.906700e+01	 5.324165e+01	 3.477519e-04	-1.804971e-04	 2.809139e-03	 6.364806e-04	-3.087375e-03	 6.689523e-03	 5.440320e-05	 8.986475e-04	 8.536663e-04	 3.821106e-04	-8.980766e-03	-6.132304e-05	 3.113855e-02	 1.297579e-03	-2.286184e-04	-3.492267e-03	-4.749024e-03	-1.411036e-04	 6.487615e-05	 1.591774e-05	
-8.047672e-08	 3.331400e-07	 4.121326e-07	-4.601712e-06	 1.804297e-14	 2.446228e-06	-4.380195e-05	 1.554537e-04	-1.932439e-05	 4.566326e-09	 6.717510e-07	 7.600434e-04	-1.634629e-05	 4.418917e-04	-2.793050e-03	-1.543913e-03	-7.330844e-04	-1.597973e-03	 1.336225e-03	-8.673284e-04	 1.075696e-04	 3.639029e-04	 3.477519e-04	 1.461720e-03	 2.657686e-04	 9.463648e-05	-3.842872e-04	-9.739417e-05	 6.836148e-06	 7.096709e-08	 1.655754e-07	 1.088655e-06	-6.608122e-06	 2.934959e-04	-2.829133e-07	 4.121326e-05	 4.837820e-06	-8.508057e-07	 4.253142e-07	-1.932436e-05	 1.788469e-07	 2.569978e-07	 3.588983e-08	
-4.285006e-08	 9.720045e-07	 2.383230e-06	-5.112554e-07	-9.041242e-15	-1.395827e-06	-4.875893e-06	-5.138497e-05	 1.951641e-05	 1.375573e-07	 3.064670e-07	 6.936082e-04	-2.332565e-05	-2.421775e-04	 7.539022e-04	 2.765214e-04	-2.078966e-03	-2.247582e-03	 4.978153e-04	 1.650665e-05	-1.125796e-04	 1.697909e-04	-1.804971e-04	 2.657686e-04	 8.625528e-04	 2.721368e-05	 7.442845e-04	 6.266597e-05	-7.617543e-04	 5.416097e-08	 1.546407e-08	-1.637844e-06	 6.049175e-06	-1.062283e-04	 2.396991e-07	 2.383230e-04	 1.317952e-06	-5.083472e-07	 1.281209e-05	 1.951635e-05	 2.014319e-07	 1.066434e-06	-9.902105e-08	
-2.034419e-07	 3.110360e-06	 9.672176e-06	-8.325316e-06	-7.803816e-15	-4.152466e-06	-3.545545e-05	 1.127062e-04	 2.559111e-05	 1.771408e-07	 4.162717e-06	-8.685230e-04	-1.696213e-04	 2.497287e-04	 2.852457e-02	 1.680832e-03	-1.695254e-03	-3.116250e-04	 1.050374e-03	 1.036337e-03	 8.151447e-05	 7.027389e-04	 2.809139e-03	 9.463648e-05	 2.721368e-05	 7.240635e-03	-2.491789e-04	 6.966646e-04	 4.290056e-03	 3.821591e-07	-5.277390e-07	-1.494361e-06	 2.470141e-05	-2.921770e-04	 2.439040e-07	 9.672176e-04	 5.134444e-06	-2.123544e-06	 1.649888e-05	 2.559159e-05	-2.037971e-06	 3.083940e-06	-4.066718e-07	
-2.701730e-07	 3.215091e-06	 1.985442e-06	-2.122866e-06	-1.516901e-14	-5.082065e-06	-2.155308e-05	 9.877399e-05	 4.199347e-05	 5.008977e-07	 3.805959e-06	 1.387466e-04	 5.225384e-05	 8.040073e-04	 1.271824e-03	 3.020008e-03	 6.855462e-03	 5.136819e-03	-1.231553e-03	-1.290229e-04	 9.461533e-04	 1.003332e-03	 6.364806e-04	-3.842872e-04	 7.442845e-04	-2.491789e-04	 2.931848e-03	 5.309518e-04	-1.025812e-03	 1.794733e-07	 7.894834e-08	-1.243217e-06	 7.572836e-06	-3.761024e-04	 4.339579e-07	 1.985442e-04	-5.873606e-06	-9.355040e-06	 4.665362e-05	 4.199340e-05	 5.549524e-06	 3.446098e-06	-2.602392e-07	
-5.375737e-07	 3.110763e-06	 3.746870e-06	-9.758280e-06	-5.860808e-14	-1.529022e-05	 7.496122e-05	-6.739926e-04	-4.794159e-05	 7.184024e-07	 2.436506e-06	-1.795253e-03	 3.912885e-05	 3.017168e-05	-1.764435e-03	 6.088891e-03	 3.510570e-03	 6.030670e-03	-2.306913e-04	-8.298413e-04	 9.401489e-05	-7.298134e-04	-3.087375e-03	-9.739417e-05	 6.266597e-05	 6.966646e-04	 5.309518e-04	 6.431400e-03	 7.925798e-03	 8.463906e-08	-5.224736e-07	-1.510550e-06	 1.767551e-05	-1.395122e-03	-8.627859e-07	 3.746870e-04	 6.783159e-06	-6.259230e-06	 6.691198e-05	-4.794142e-05	 3.826192e-06	 3.292650e-06	-3.251834e-07	
-2.954760e-06	 2.162188e-05	 3.534684e-06	-6.083968e-05	-3.552288e-14	-3.069764e-05	 6.153605e-06	-8.704727e-04	-1.639494e-04	 5.992270e-06	 2.743067e-05	 2.326162e-03	-3.848451e-04	-5.404333e-03	 7.337327e-02	 4.028727e-02	 1.662128e-03	 1.286211e-02	 5.681238e-04	-4.058671e-03	-1.091150e-03	 4.097527e-03	 6.689523e-03	 6.836148e-06	-7.617543e-04	 4.290056e-03	-1.025812e-03	 7.925798e-03	 7.175790e-02	-9.144386e-08	-1.816922e-06	 1.284491e-06	 3.649378e-05	-1.984775e-03	-3.460015e-06	 3.534684e-04	-8.189620e-06	-7.662323e-05	 5.581200e-04	-1.639484e-04	 4.920630e-05	 2.466441e-05	-1.050004e-06	
-1.238391e-09	-1.808009e-08	-8.334160e-08	-1.966063e-07	 6.491150e-17	-2.954565e-08	 1.819971e-07	-1.331023e-06	-2.041995e-06	 6.093025e-09	 2.142550e-08	-1.818275e-04	 4.295304e-06	 1.041516e-04	 3.778197e-03	 7.155224e-05	 4.143514e-04	 4.331099e-04	-7.552482e-05	 1.718629e-04	-1.732520e-04	-2.561445e-05	 5.440320e-05	 7.096709e-08	 5.416097e-08	 3.821591e-07	 1.794733e-07	 8.463906e-08	-9.144386e-08	 3.787945e-07	 6.277141e-10	-4.413899e-09	-2.374705e-07	-2.983419e-06	-2.728523e-08	-8.334160e-06	-1.218730e-07	-6.837684e-08	 5.675043e-07	-2.041996e-06	 4.696885e-08	-1.322207e-08	 3.371485e-09	
-3.091357e-09	 3.133804e-08	 3.958252e-08	-1.248218e-07	-8.076881e-17	-6.199711e-08	-7.356166e-07	 4.179773e-06	 2.336168e-07	 3.037806e-09	 5.536887e-08	 7.577436e-04	-3.660438e-06	-5.312176e-05	 7.392402e-04	 1.577598e-04	-4.200009e-04	-1.370226e-03	 1.013091e-05	 2.895980e-06	-4.736887e-05	 3.969640e-04	 8.986475e-04	 1.655754e-07	 1.546407e-08	-5.277390e-07	 7.894834e-08	-5.224736e-07	-1.816922e-06	 6.277141e-10	 3.939693e-07	 1.327310e-08	 7.648537e-08	-4.745041e-06	 1.806465e-09	 3.958252e-06	-9.346382e-08	-8.700881e-08	 2.829412e-07	 2.336184e-07	 3.164546e-08	 3.128544e-08	-3.011545e-10	
-5.132189e-09	-1.566276e-08	 2.925745e-07	-3.763420e-07	 2.343605e-14	-9.116874e-07	-2.085752e-05	 1.351860e-04	-4.983639e-06	 1.168099e-07	 1.045240e-06	 6.052746e-04	 3.468420e-06	-8.296822e-05	 4.052006e-03	 7.855244e-04	 6.237825e-04	 1.689137e-03	-2.707616e-05	-2.477429e-05	 1.629430e-05	-2.445562e-05	 8.536663e-04	 1.088655e-06	-1.637844e-06	-1.494361e-06	-1.243217e-06	-1.510550e-06	 1.284491e-06	-4.413899e-09	 1.327310e-08	 6.440890e-06	-3.510648e-07	-8.313319e-05	-6.852064e-08	 2.925745e-05	-1.122158e-06	-9.966615e-07	 1.087967e-05	-4.983630e-06	-4.833252e-08	 9.607851e-08	-4.518248e-10	
 9.205563e-07	 2.242326e-05	 2.116150e-04	 3.354010e-05	 1.440410e-13	 7.668113e-06	-1.491454e-04	-2.746348e-04	 1.187913e-03	-4.253987e-07	 1.816791e-05	 4.589210e-03	-1.131880e-04	-7.905362e-04	 2.647695e-02	 1.206607e-02	 5.217646e-03	 2.570091e-04	 1.722068e-03	 4.102976e-04	 6.437928e-04	 8.465716e-04	 3.821106e-04	-6.608122e-06	 6.049175e-06	 2.470141e-05	 7.572836e-06	 1.767551e-05	 3.649378e-05	-2.374705e-07	 7.648537e-08	-3.510648e-07	 5.919007e-04	 1.136093e-03	 1.602257e-05	 2.116150e-02	 1.505001e-04	 1.228295e-04	-3.962165e-05	 1.187913e-03	-1.409777e-04	 2.291819e-05	-2.761384e-06	
 1.138545e-05	-1.007179e-05	 6.047024e-04	 7.826063e-04	 2.412805e-11	 5.894742e-03	-1.352531e-02	 1.019833e-01	 7.206319e-03	 8.265345e-05	 6.988426e-04	-3.988096e-02	 1.295744e-04	 1.771055e-02	-3.237984e-01	-1.705129e-01	-4.920626e-02	 2.456575e-03	-3.042058e-02	 7.133576e-03	 5.425951e-03	 8.464296e-04	-8.980766e-03	 2.934959e-04	-1.062283e-04	-2.921770e-04	-3.761024e-04	-1.395122e-03	-1.984775e-03	-2.983419e-06	-4.745041e-06	-8.313319e-05	 1.136093e-03	 6.107982e-01	 9.996671e-05	 6.047024e-02	-1.756561e-04	-3.395104e-04	 7.698343e-03	 7.206315e-03	-3.591974e-04	 8.402388e-05	-7.169104e-06	
 1.046970e-07	 1.479407e-06	 5.125749e-06	 4.486840e-06	 1.085128e-14	 8.318808e-07	-1.864369e-06	 3.976111e-05	 1.126293e-04	-9.300734e-09	-1.756340e-07	 4.522426e-04	-1.415475e-05	-1.034715e-04	 2.324283e-03	 9.205510e-04	 3.652328e-05	-2.571159e-04	 2.295665e-04	 3.155691e-05	 8.680326e-05	 6.014246e-05	-6.132304e-05	-2.829133e-07	 2.396991e-07	 2.439040e-07	 4.339579e-07	-8.627859e-07	-3.460015e-06	-2.728523e-08	 1.806465e-09	-6.852064e-08	 1.602257e-05	 9.996671e-05	 1.526653e-06	 5.125749e-04	 2.402642e-06	 1.424881e-06	-8.662704e-07	 1.126293e-04	-1.249796e-06	 1.574781e-06	-2.351130e-07	
 2.886442e-05	 7.284110e-04	 9.493833e-03	 1.058002e-03	 5.699022e-12	 4.501188e-04	-3.986280e-02	 1.166527e-01	 3.802003e-02	-4.744367e-05	 8.283300e-04	 1.486824e-01	-3.205957e-03	-2.498525e-02	 8.106067e-01	 3.822295e-01	 1.714464e-01	 1.133298e-02	 5.402967e-02	 1.367846e-02	 1.581100e-02	 3.146932e-02	 3.113855e-02	 4.121326e-05	 2.383230e-04	 9.672176e-04	 1.985442e-04	 3.746870e-04	 3.534684e-04	-8.334160e-06	 3.958252e-06	 2.925745e-05	 2.116150e-02	 6.047024e-02	 5.125749e-04	 9.493833e-01	 6.598780e-03	 6.173661e-03	-4.418904e-03	 3.802004e-02	-7.000976e-03	 7.097966e-04	-9.193923e-05	
 1.240723e-07	 4.132779e-06	 6.598780e-05	 8.093843e-06	 1.361779e-14	-5.869673e-07	-3.417099e-05	-1.001266e-03	 1.785472e-04	-5.109011e-06	-1.273401e-05	-1.201419e-03	-3.055947e-05	 8.311596e-04	-9.845228e-03	-2.677847e-03	 6.219445e-04	 4.907262e-04	-1.019284e-03	 5.404144e-04	 3.737587e-04	 3.222520e-04	 1.297579e-03	 4.837820e-06	 1.317952e-06	 5.134444e-06	-5.873606e-06	 6.783159e-06	-8.189620e-06	-1.218730e-07	-9.346382e-08	-1.122158e-06	 1.505001e-04	-1.756561e-04	 2.402642e-06	 6.598780e-03	 1.986221e-04	 7.378403e-05	-4.758533e-04	 1.785472e-04	-6.104907e-05	-8.557491e-07	-3.736657e-07	
 5.609862e-07	-4.403437e-06	 6.173661e-05	 1.810387e-05	-2.656983e-14	-7.098451e-07	-1.973468e-04	 4.225518e-05	 8.990609e-05	-2.131363e-06	-8.267466e-06	-5.789005e-04	 2.007444e-05	 5.880351e-04	-8.328925e-03	-5.733090e-03	-2.473018e-03	-3.019128e-03	-6.867412e-04	 2.799893e-04	 1.130419e-04	-9.352683e-05	-2.286184e-04	-8.508057e-07	-5.083472e-07	-2.123544e-06	-9.355040e-06	-6.259230e-06	-7.662323e-05	-6.837684e-08	-8.700881e-08	-9.966615e-07	 1.228295e-04	-3.395104e-04	 1.424881e-06	 6.173661e-03	 7.378403e-05	 7.640189e-05	-1.985151e-04	 8.990608e-05	-6.812848e-05	-5.975232e-06	 2.124619e-07	
-2.111082e-06	 2.204391e-05	-4.418904e-05	-6.536090e-05	 4.133259e-13	 6.359469e-05	 1.168012e-03	-1.112689e-02	 2.000533e-06	 4.701657e-05	 1.577369e-05	 7.812762e-03	 3.702189e-05	-4.378146e-03	 7.568757e-02	 3.404288e-02	 1.274775e-02	 1.255937e-02	 3.665031e-03	-2.249146e-03	-2.456456e-03	-9.347697e-04	-3.492267e-03	 4.253142e-07	 1.281209e-05	 1.649888e-05	 4.665362e-05	 6.691198e-05	 5.581200e-04	 5.675043e-07	 2.829412e-07	 1.087967e-05	-3.962165e-05	 7.698343e-03	-8.662704e-07	-4.418904e-03	-4.758533e-04	-1.985151e-04	 4.379124e-03	 2.000361e-06	 1.828102e-04	 6.698509e-05	-1.292085e-06	
 6.923167e-06	 1.141675e-04	 3.802004e-04	 3.204126e-04	 7.991370e-13	 5.677035e-05	-1.827904e-04	 3.114692e-03	 8.336168e-03	 2.147702e-08	-6.411874e-06	 3.616492e-02	-1.096662e-03	-8.330968e-03	 1.865174e-01	 7.681979e-02	 6.654468e-03	-1.738454e-02	 1.818302e-02	 2.267610e-03	 6.635959e-03	 4.903676e-03	-4.749024e-03	-1.932436e-05	 1.951635e-05	 2.559159e-05	 4.199340e-05	-4.794142e-05	-1.639484e-04	-2.041996e-06	 2.336184e-07	-4.983630e-06	 1.187913e-03	 7.206315e-03	 1.126293e-04	 3.802004e-02	 1.785472e-04	 8.990608e-05	 2.000361e-06	 8.336168e-03	-8.353386e-05	 1.211109e-04	-1.781859e-05	
-3.500502e-07	 1.685096e-06	-7.000976e-05	-1.125742e-05	-1.185333e-14	-4.482652e-06	 3.409111e-04	-1.039415e-03	-8.353385e-05	 1.962747e-06	-1.723239e-06	 3.006466e-04	-1.967681e-05	-3.735030e-04	 4.651624e-03	 2.993097e-03	 6.495340e-04	 1.164569e-03	 4.889696e-04	-1.786607e-04	-3.345717e-05	-2.627503e-06	-1.411036e-04	 1.788469e-07	 2.014319e-07	-2.037971e-06	 5.549524e-06	 3.826192e-06	 4.920630e-05	 4.696885e-08	 3.164546e-08	-4.833252e-08	-1.409777e-04	-3.591974e-04	-1.249796e-06	-7.000976e-03	-6.104907e-05	-6.812848e-05	 1.828102e-04	-8.353386e-05	 6.984426e-05	 3.299160e-06	 9.257735e-10	
-4.247450e-08	 3.862413e-06	 7.097966e-06	-8.238355e-07	 1.835285e-14	-2.284230e-07	-7.949562e-06	 4.267502e-06	 1.211109e-04	 7.191871e-07	 2.676841e-06	 7.706981e-04	-2.319099e-05	-2.800674e-04	 5.622041e-03	 3.013690e-03	 1.017486e-03	 5.885110e-04	 4.592982e-04	-2.739003e-05	 5.155397e-05	 1.333254e-04	 6.487615e-05	 2.569978e-07	 1.066434e-06	 3.083940e-06	 3.446098e-06	 3.292650e-06	 2.466441e-05	-1.322207e-08	 3.128544e-08	 9.607851e-08	 2.291819e-05	 8.402388e-05	 1.574781e-06	 7.097966e-04	-8.557491e-07	-5.975232e-06	 6.698509e-05	 1.211109e-04	 3.299160e-06	 4.539620e-06	-3.859984e-07	
-1.451250e-09	-3.706727e-07	-9.193923e-07	-2.681885e-07	-1.619760e-15	 1.812554e-08	 2.267146e-06	-1.433737e-05	-1.781859e-05	-1.387250e-08	-2.133298e-07	-8.052106e-05	 2.083832e-06	 1.262123e-05	-4.113608e-04	-2.233335e-04	-1.097812e-04	-4.363148e-05	-3.286102e-05	 5.292665e-07	-9.850255e-06	-7.863342e-06	 1.591774e-05	 3.588983e-08	-9.902105e-08	-4.066718e-07	-2.602392e-07	-3.251834e-07	-1.050004e-06	 3.371485e-09	-3.011545e-10	-4.518248e-10	-2.761384e-06	-7.169104e-06	-2.351130e-07	-9.193923e-05	-3.736657e-07	 2.124619e-07	-1.292085e-06	-1.781859e-05	 9.257735e-10	-3.859984e-07	 1.294198e-07	
