# In the file there is: z, J_T, J_y, J_mu, E_i (i=1-6)
# The first line contains the number of lines and the number of columns.
400 6
1.020000e+03 1.554823e-04 1.000468e+00 -1.161147e-04 1.694690e-05 -3.707366e-05 2.940999e-05 -3.526421e-04 3.697128e-03 2.353489e-02
1.041956e+03 2.050393e-04 1.000450e+00 -1.550574e-04 2.203433e-05 -4.785072e-05 5.282082e-05 -3.172597e-04 3.633614e-03 2.346040e-02
1.064384e+03 2.644085e-04 1.000428e+00 -2.020515e-04 2.830869e-05 -6.123742e-05 8.170672e-05 -2.730221e-04 3.555874e-03 2.337188e-02
1.087295e+03 3.330451e-04 1.000403e+00 -2.565150e-04 3.574811e-05 -7.701005e-05 1.159189e-04 -2.207299e-04 3.464200e-03 2.326814e-02
1.110699e+03 4.104048e-04 1.000374e+00 -3.178662e-04 4.433014e-05 -9.494314e-05 1.553260e-04 -1.609276e-04 3.358537e-03 2.315039e-02
1.134607e+03 4.959428e-04 1.000342e+00 -3.855231e-04 5.403308e-05 -1.148095e-04 1.997817e-04 -9.415598e-05 3.239205e-03 2.302339e-02
1.159029e+03 5.891148e-04 1.000305e+00 -4.589037e-04 6.483430e-05 -1.363847e-04 2.491658e-04 -2.115560e-05 3.106996e-03 2.288175e-02
1.183978e+03 6.892728e-04 1.000266e+00 -5.373416e-04 7.670337e-05 -1.594154e-04 3.032671e-04 5.744458e-05 2.961721e-03 2.273455e-02
1.209463e+03 7.947580e-04 1.000224e+00 -6.193490e-04 8.952274e-05 -1.833925e-04 3.614558e-04 1.399311e-04 2.805532e-03 2.257647e-02
1.235497e+03 9.033428e-04 1.000179e+00 -7.029741e-04 1.031265e-04 -2.076573e-04 4.228323e-04 2.242685e-04 2.641258e-03 2.241648e-02
1.262091e+03 1.012791e-03 1.000133e+00 -7.862591e-04 1.173479e-04 -2.315529e-04 4.864851e-04 3.080841e-04 2.472500e-03 2.225363e-02
1.289258e+03 1.120478e-03 1.000086e+00 -8.669365e-04 1.319810e-04 -2.543323e-04 5.513347e-04 3.891376e-04 2.301828e-03 2.209412e-02
1.317009e+03 1.222650e-03 1.000040e+00 -9.418451e-04 1.467055e-04 -2.749941e-04 6.157734e-04 4.642423e-04 2.133685e-03 2.194401e-02
1.345358e+03 1.315351e-03 9.999956e-01 -1.007663e-03 1.611804e-04 -2.924927e-04 6.781083e-04 5.301934e-04 1.972051e-03 2.181080e-02
1.374317e+03 1.394664e-03 9.999548e-01 -1.061102e-03 1.750674e-04 -3.057941e-04 7.366585e-04 5.836926e-04 1.821948e-03 2.170171e-02
1.403899e+03 1.457582e-03 9.999184e-01 -1.099671e-03 1.880896e-04 -3.141216e-04 7.900669e-04 6.223524e-04 1.686207e-03 2.162205e-02
1.434118e+03 1.501995e-03 9.998876e-01 -1.121669e-03 2.000307e-04 -3.169588e-04 8.373050e-04 6.443539e-04 1.568217e-03 2.157281e-02
1.464988e+03 1.525838e-03 9.998624e-01 -1.125430e-03 2.106771e-04 -3.137995e-04 8.773579e-04 6.479504e-04 1.470815e-03 2.155648e-02
1.496522e+03 1.527717e-03 9.998436e-01 -1.109842e-03 2.198795e-04 -3.043078e-04 9.095207e-04 6.320001e-04 1.396117e-03 2.157511e-02
1.528735e+03 1.509944e-03 9.998308e-01 -1.076833e-03 2.278428e-04 -2.890857e-04 9.348019e-04 5.983763e-04 1.341511e-03 2.162302e-02
1.561641e+03 1.476092e-03 9.998224e-01 -1.029370e-03 2.348924e-04 -2.690521e-04 9.547899e-04 5.501392e-04 1.302402e-03 2.169830e-02
1.595255e+03 1.429736e-03 9.998172e-01 -9.704183e-04 2.413538e-04 -2.451261e-04 9.710679e-04 4.902679e-04 1.274414e-03 2.179599e-02
1.629593e+03 1.374181e-03 9.998136e-01 -9.026924e-04 2.475417e-04 -2.181437e-04 9.851596e-04 4.214629e-04 1.253336e-03 2.190907e-02
1.664670e+03 1.312266e-03 9.998112e-01 -8.284754e-04 2.537530e-04 -1.887934e-04 9.984566e-04 3.459530e-04 1.235610e-03 2.203336e-02
1.700503e+03 1.246786e-03 9.998088e-01 -7.500064e-04 2.602831e-04 -1.577464e-04 1.012327e-03 2.660314e-04 1.217046e-03 2.216634e-02
1.737106e+03 1.180388e-03 9.998052e-01 -6.694042e-04 2.674142e-04 -1.256406e-04 1.028100e-03 1.837116e-04 1.194281e-03 2.229817e-02
1.774498e+03 1.114132e-03 9.998000e-01 -5.874485e-04 2.752936e-04 -9.268983e-05 1.046411e-03 9.975209e-05 1.165729e-03 2.243056e-02
1.812694e+03 1.048090e-03 9.997932e-01 -5.040903e-04 2.839842e-04 -5.884937e-05 1.067498e-03 1.422566e-05 1.130740e-03 2.256514e-02
1.851712e+03 9.823200e-04 9.997844e-01 -4.192683e-04 2.935477e-04 -2.407047e-05 1.091586e-03 -7.293349e-05 1.089163e-03 2.270147e-02
1.891571e+03 9.167416e-04 9.997736e-01 -3.328101e-04 3.040317e-04 1.173028e-05 1.118829e-03 -1.618027e-04 1.040795e-03 2.284464e-02
1.932287e+03 8.508356e-04 9.997608e-01 -2.441890e-04 3.154379e-04 4.874237e-05 1.149153e-03 -2.529808e-04 9.854580e-04 2.299168e-02
1.973879e+03 7.839936e-04 9.997464e-01 -1.528074e-04 3.277592e-04 8.717602e-05 1.182446e-03 -3.471365e-04 9.233035e-04 2.314394e-02
2.016367e+03 7.156176e-04 9.997304e-01 -5.807537e-05 3.409890e-04 1.272419e-04 1.218611e-03 -4.448637e-04 8.553700e-04 2.329816e-02
2.059770e+03 6.453636e-04 9.997128e-01 4.038712e-05 3.551449e-04 1.690818e-04 1.257649e-03 -5.465994e-04 7.810175e-04 2.345767e-02
2.104107e+03 5.731656e-04 9.996936e-01 1.427315e-04 3.702705e-04 2.127693e-04 1.299698e-03 -6.524504e-04 7.001338e-04 2.362219e-02
2.149398e+03 4.989712e-04 9.996724e-01 2.490984e-04 3.864105e-04 2.583741e-04 1.344907e-03 -7.625299e-04 6.126411e-04 2.379300e-02
2.195664e+03 4.227288e-04 9.996492e-01 3.596293e-04 4.036111e-04 3.059667e-04 1.393426e-03 -8.769315e-04 5.183449e-04 2.397124e-02
2.242926e+03 3.443945e-04 9.996244e-01 4.744749e-04 4.219263e-04 3.556242e-04 1.445433e-03 -9.958510e-04 4.169303e-04 2.415628e-02
2.291205e+03 2.639261e-04 9.995972e-01 5.937894e-04 4.414133e-04 4.074269e-04 1.501113e-03 -1.119406e-03 3.077444e-04 2.434811e-02
2.340524e+03 1.812817e-04 9.995680e-01 7.177266e-04 4.621290e-04 4.614551e-04 1.560656e-03 -1.247779e-03 1.903330e-04 2.454580e-02
2.390904e+03 9.639304e-05 9.995364e-01 8.464711e-04 4.841322e-04 5.177998e-04 1.624247e-03 -1.381156e-03 6.421976e-05 2.474943e-02
2.442368e+03 9.141388e-06 9.995024e-01 9.802612e-04 5.074839e-04 5.765734e-04 1.692076e-03 -1.519779e-03 -7.085542e-05 2.496025e-02
2.494940e+03 -8.059776e-05 9.994660e-01 1.119345e-03 5.322460e-04 6.378906e-04 1.764319e-03 -1.663887e-03 -2.156770e-04 2.517823e-02
2.548644e+03 -1.729511e-04 9.994268e-01 1.263971e-03 5.584801e-04 7.018673e-04 1.841172e-03 -1.813731e-03 -3.702273e-04 2.540542e-02
2.603504e+03 -2.680746e-04 9.993852e-01 1.414423e-03 5.862508e-04 7.686325e-04 1.922824e-03 -1.969589e-03 -5.349388e-04 2.564170e-02
2.659545e+03 -3.661441e-04 9.993404e-01 1.571009e-03 6.156244e-04 8.383245e-04 2.009473e-03 -2.131766e-03 -7.100780e-04 2.588684e-02
2.716792e+03 -4.673356e-04 9.992928e-01 1.734038e-03 6.466673e-04 9.110816e-04 2.101317e-03 -2.300557e-03 -8.958322e-04 2.614033e-02
2.775271e+03 -5.718236e-04 9.992420e-01 1.903822e-03 6.794484e-04 9.870439e-04 2.198559e-03 -2.476274e-03 -1.092698e-03 2.640280e-02
2.835009e+03 -6.797744e-04 9.991880e-01 2.080681e-03 7.140459e-04 1.066360e-03 2.301433e-03 -2.659209e-03 -1.301086e-03 2.667414e-02
2.896033e+03 -7.913520e-04 9.991308e-01 2.264941e-03 7.505399e-04 1.149179e-03 2.410177e-03 -2.849666e-03 -1.521694e-03 2.695537e-02
2.958370e+03 -9.067228e-04 9.990700e-01 2.456926e-03 7.890108e-04 1.235652e-03 2.525030e-03 -3.047946e-03 -1.755156e-03 2.724726e-02
3.022050e+03 -1.026074e-03 9.990056e-01 2.657001e-03 8.295466e-04 1.325944e-03 2.646254e-03 -3.254397e-03 -2.001994e-03 2.755037e-02
3.087099e+03 -1.149618e-03 9.989372e-01 2.865570e-03 8.722444e-04 1.420240e-03 2.774136e-03 -3.469414e-03 -2.262595e-03 2.786506e-02
3.153550e+03 -1.277570e-03 9.988652e-01 3.083045e-03 9.172017e-04 1.518727e-03 2.908965e-03 -3.693399e-03 -2.537334e-03 2.819169e-02
3.221430e+03 -1.410150e-03 9.987888e-01 3.309843e-03 9.645177e-04 1.621594e-03 3.051035e-03 -3.926757e-03 -2.826632e-03 2.853062e-02
3.290772e+03 -1.547623e-03 9.987080e-01 3.546448e-03 1.014302e-03 1.729058e-03 3.200662e-03 -4.169927e-03 -3.131171e-03 2.888255e-02
3.361606e+03 -1.690270e-03 9.986228e-01 3.793373e-03 1.066670e-03 1.841348e-03 3.358176e-03 -4.423365e-03 -3.451768e-03 2.924835e-02
3.433965e+03 -1.838374e-03 9.985328e-01 4.051126e-03 1.121734e-03 1.958692e-03 3.523903e-03 -4.687519e-03 -3.789164e-03 2.962860e-02
3.507881e+03 -1.992231e-03 9.984376e-01 4.320246e-03 1.179617e-03 2.081329e-03 3.698190e-03 -4.962877e-03 -4.144134e-03 3.002413e-02
3.583389e+03 -2.152165e-03 9.983376e-01 4.601325e-03 1.240450e-03 2.209521e-03 3.881414e-03 -5.249982e-03 -4.517222e-03 3.043510e-02
3.660522e+03 -2.318507e-03 9.982320e-01 4.894964e-03 1.304369e-03 2.343536e-03 4.073961e-03 -5.549390e-03 -4.908986e-03 3.086178e-02
3.739315e+03 -2.491587e-03 9.981208e-01 5.201764e-03 1.371508e-03 2.483639e-03 4.276217e-03 -5.861646e-03 -5.319906e-03 3.130407e-02
3.819804e+03 -2.671768e-03 9.980040e-01 5.522387e-03 1.442016e-03 2.630123e-03 4.488598e-03 -6.187342e-03 -5.750799e-03 3.176302e-02
3.902026e+03 -2.859431e-03 9.978808e-01 5.857532e-03 1.516051e-03 2.783296e-03 4.711543e-03 -6.527065e-03 -6.202414e-03 3.223926e-02
3.986017e+03 -3.054960e-03 9.977512e-01 6.207901e-03 1.593772e-03 2.943467e-03 4.945491e-03 -6.881416e-03 -6.675596e-03 3.273375e-02
4.071817e+03 -3.258750e-03 9.976148e-01 6.574216e-03 1.675341e-03 3.110952e-03 5.190893e-03 -7.251007e-03 -7.171174e-03 3.324741e-02
4.159463e+03 -3.471232e-03 9.974716e-01 6.957276e-03 1.760939e-03 3.286101e-03 5.448244e-03 -7.636503e-03 -7.689828e-03 3.378045e-02
4.248996e+03 -3.692852e-03 9.973208e-01 7.357894e-03 1.850750e-03 3.469267e-03 5.718048e-03 -8.038604e-03 -8.232444e-03 3.433364e-02
4.340456e+03 -3.924054e-03 9.971628e-01 7.776895e-03 1.944960e-03 3.660809e-03 6.000813e-03 -8.457964e-03 -8.799552e-03 3.490825e-02
4.433885e+03 -4.165316e-03 9.969964e-01 8.215153e-03 2.043769e-03 3.861106e-03 6.297080e-03 -8.895361e-03 -9.392241e-03 3.550196e-02
4.529325e+03 -4.417152e-03 9.968216e-01 8.673633e-03 2.147394e-03 4.070573e-03 6.607433e-03 -9.351500e-03 -1.001153e-02 3.611803e-02
4.626819e+03 -4.680088e-03 9.966380e-01 9.153305e-03 2.256057e-03 4.289625e-03 6.932461e-03 -9.827175e-03 -1.065855e-02 3.675436e-02
4.726412e+03 -4.954648e-03 9.964452e-01 9.655139e-03 2.369981e-03 4.518682e-03 7.272764e-03 -1.032307e-02 -1.133411e-02 3.741779e-02
4.828148e+03 -5.241380e-03 9.962432e-01 1.018019e-02 2.489414e-03 4.758199e-03 7.628991e-03 -1.084006e-02 -1.203953e-02 3.810098e-02
4.932075e+03 -5.540848e-03 9.960308e-01 1.072956e-02 2.614618e-03 5.008641e-03 8.001831e-03 -1.137891e-02 -1.277520e-02 3.880874e-02
5.038238e+03 -5.853624e-03 9.958076e-01 1.130435e-02 2.745853e-03 5.270479e-03 8.391967e-03 -1.194042e-02 -1.354195e-02 3.954046e-02
5.146687e+03 -6.180328e-03 9.955736e-01 1.190584e-02 2.883455e-03 5.544281e-03 8.800297e-03 -1.252551e-02 -1.434097e-02 4.029865e-02
5.257470e+03 -6.521736e-03 9.953272e-01 1.253583e-02 3.027920e-03 5.830842e-03 9.228211e-03 -1.313553e-02 -1.517474e-02 4.108259e-02
5.370638e+03 -6.878644e-03 9.950680e-01 1.319617e-02 3.179771e-03 6.130993e-03 9.677168e-03 -1.377186e-02 -1.604600e-02 4.189222e-02
5.486241e+03 -7.251888e-03 9.947944e-01 1.388876e-02 3.339538e-03 6.445584e-03 1.014864e-02 -1.443593e-02 -1.695737e-02 4.272780e-02
5.604333e+03 -7.643032e-03 9.945056e-01 1.461642e-02 3.507845e-03 6.775818e-03 1.064425e-02 -1.512991e-02 -1.791134e-02 4.359021e-02
5.724967e+03 -8.054220e-03 9.942004e-01 1.538276e-02 3.685400e-03 7.123185e-03 1.116577e-02 -1.585656e-02 -1.891009e-02 4.448447e-02
5.848198e+03 -8.487628e-03 9.938780e-01 1.619138e-02 3.872909e-03 7.489179e-03 1.171497e-02 -1.661874e-02 -1.995608e-02 4.540970e-02
5.974081e+03 -8.945252e-03 9.935368e-01 1.704560e-02 4.071009e-03 7.875155e-03 1.229338e-02 -1.741884e-02 -2.105090e-02 4.637222e-02
6.102674e+03 -9.428392e-03 9.931764e-01 1.794737e-02 4.280020e-03 8.281828e-03 1.290153e-02 -1.825792e-02 -2.219428e-02 4.736835e-02
6.234034e+03 -9.938164e-03 9.927964e-01 1.889831e-02 4.500174e-03 8.709744e-03 1.353967e-02 -1.913660e-02 -2.338541e-02 4.839555e-02
6.368223e+03 -1.047566e-02 9.923968e-01 1.990004e-02 4.731707e-03 9.159450e-03 1.420808e-02 -2.005541e-02 -2.462308e-02 4.945648e-02
6.505299e+03 -1.104166e-02 9.919768e-01 2.095388e-02 4.974872e-03 9.631378e-03 1.490707e-02 -2.101454e-02 -2.590658e-02 5.054887e-02
6.645327e+03 -1.163646e-02 9.915356e-01 2.206074e-02 5.229952e-03 1.012580e-02 1.563705e-02 -2.201371e-02 -2.723546e-02 5.166481e-02
6.788368e+03 -1.226034e-02 9.910732e-01 2.322149e-02 5.497231e-03 1.064299e-02 1.639845e-02 -2.305244e-02 -2.860889e-02 5.280442e-02
6.934488e+03 -1.291362e-02 9.905884e-01 2.443713e-02 5.777012e-03 1.118324e-02 1.719172e-02 -2.413033e-02 -3.002622e-02 5.396696e-02
7.083754e+03 -1.359722e-02 9.900800e-01 2.570954e-02 6.069753e-03 1.174721e-02 1.801765e-02 -2.524763e-02 -3.148720e-02 5.514649e-02
7.236233e+03 -1.431234e-02 9.895476e-01 2.704106e-02 6.375990e-03 1.233572e-02 1.887715e-02 -2.640477e-02 -3.299107e-02 5.634404e-02
7.391993e+03 -1.506019e-02 9.889900e-01 2.843403e-02 6.696261e-03 1.294958e-02 1.977116e-02 -2.760238e-02 -3.453799e-02 5.754789e-02
7.551107e+03 -1.584206e-02 9.884060e-01 2.989096e-02 7.031130e-03 1.358966e-02 2.070062e-02 -2.884078e-02 -3.612698e-02 5.876323e-02
7.713645e+03 -1.665948e-02 9.877944e-01 3.141474e-02 7.381228e-03 1.425692e-02 2.166648e-02 -3.012044e-02 -3.775707e-02 5.998283e-02
7.879682e+03 -1.751404e-02 9.871536e-01 3.300831e-02 7.747198e-03 1.495236e-02 2.266969e-02 -3.144170e-02 -3.942704e-02 6.120403e-02
8.049293e+03 -1.840729e-02 9.864828e-01 3.467464e-02 8.129685e-03 1.567694e-02 2.371122e-02 -3.280492e-02 -4.113607e-02 6.242224e-02
8.222555e+03 -1.934097e-02 9.857804e-01 3.641695e-02 8.529383e-03 1.643171e-02 2.479197e-02 -3.421026e-02 -4.288191e-02 6.363363e-02
8.399547e+03 -2.031689e-02 9.850452e-01 3.823867e-02 8.947026e-03 1.721772e-02 2.591282e-02 -3.565763e-02 -4.466262e-02 6.483386e-02
8.580348e+03 -2.133690e-02 9.842752e-01 4.014324e-02 9.383353e-03 1.803604e-02 2.707465e-02 -3.714702e-02 -4.647560e-02 6.601368e-02
8.765041e+03 -2.240288e-02 9.834692e-01 4.213420e-02 9.839115e-03 1.888774e-02 2.827830e-02 -3.867830e-02 -4.831863e-02 6.716589e-02
8.953709e+03 -2.351687e-02 9.826252e-01 4.421540e-02 1.031513e-02 1.977392e-02 2.952449e-02 -4.025074e-02 -5.018825e-02 6.828884e-02
9.146439e+03 -2.468101e-02 9.817420e-01 4.639084e-02 1.081223e-02 2.069568e-02 3.081389e-02 -4.186369e-02 -5.208054e-02 6.936729e-02
9.343317e+03 -2.589740e-02 9.808176e-01 4.866448e-02 1.133125e-02 2.165414e-02 3.214716e-02 -4.351628e-02 -5.399162e-02 7.039999e-02
9.544433e+03 -2.716829e-02 9.798500e-01 5.104052e-02 1.187307e-02 2.265041e-02 3.352486e-02 -4.520745e-02 -5.591707e-02 7.137283e-02
9.749878e+03 -2.849608e-02 9.788372e-01 5.352352e-02 1.243862e-02 2.368561e-02 3.494733e-02 -4.693535e-02 -5.785074e-02 7.228139e-02
9.959745e+03 -2.988320e-02 9.777776e-01 5.611804e-02 1.302884e-02 2.476084e-02 3.641491e-02 -4.869823e-02 -5.978672e-02 7.311495e-02
1.017413e+04 -3.133211e-02 9.766684e-01 5.882871e-02 1.364468e-02 2.587723e-02 3.792789e-02 -5.049429e-02 -6.171881e-02 7.385918e-02
1.039313e+04 -3.284546e-02 9.755080e-01 6.166052e-02 1.428714e-02 2.703584e-02 3.948624e-02 -5.232075e-02 -6.363927e-02 7.450450e-02
1.061684e+04 -3.442604e-02 9.742936e-01 6.461873e-02 1.495728e-02 2.823773e-02 4.108975e-02 -5.417449e-02 -6.553982e-02 7.503161e-02
1.084537e+04 -3.607661e-02 9.730228e-01 6.770857e-02 1.565614e-02 2.948397e-02 4.273821e-02 -5.605223e-02 -6.741199e-02 7.543400e-02
1.107882e+04 -3.780004e-02 9.716936e-01 7.093544e-02 1.638478e-02 3.077558e-02 4.443121e-02 -5.795032e-02 -6.924615e-02 7.569716e-02
1.131729e+04 -3.959945e-02 9.703028e-01 7.430521e-02 1.714436e-02 3.211347e-02 4.616784e-02 -5.986406e-02 -7.103120e-02 7.579677e-02
1.156090e+04 -4.147800e-02 9.688480e-01 7.782391e-02 1.793601e-02 3.349857e-02 4.794706e-02 -6.178818e-02 -7.275539e-02 7.572919e-02
1.180975e+04 -4.343880e-02 9.673256e-01 8.149750e-02 1.876090e-02 3.493176e-02 4.976783e-02 -6.371766e-02 -7.440649e-02 7.547247e-02
1.206395e+04 -4.548528e-02 9.657336e-01 8.533233e-02 1.962021e-02 3.641383e-02 5.162856e-02 -6.564615e-02 -7.597108e-02 7.501198e-02
1.232363e+04 -4.762096e-02 9.640684e-01 8.933512e-02 2.051521e-02 3.794540e-02 5.352709e-02 -6.756630e-02 -7.743407e-02 7.432567e-02
1.258890e+04 -4.984940e-02 9.623264e-01 9.351271e-02 2.144712e-02 3.952710e-02 5.546125e-02 -6.947046e-02 -7.877999e-02 7.340124e-02
1.285988e+04 -5.217424e-02 9.605048e-01 9.787195e-02 2.241721e-02 4.115951e-02 5.742870e-02 -7.135087e-02 -7.999273e-02 7.221755e-02
1.313669e+04 -5.459932e-02 9.586000e-01 1.024202e-01 2.342678e-02 4.284289e-02 5.942602e-02 -7.319770e-02 -8.105453e-02 7.075460e-02
1.341946e+04 -5.712868e-02 9.566076e-01 1.071651e-01 2.447716e-02 4.457742e-02 6.144948e-02 -7.500036e-02 -8.194595e-02 6.899949e-02
1.370831e+04 -5.976624e-02 9.545248e-01 1.121143e-01 2.556965e-02 4.636324e-02 6.349532e-02 -7.674847e-02 -8.264833e-02 6.692812e-02
1.400338e+04 -6.251620e-02 9.523468e-01 1.172756e-01 2.670560e-02 4.820029e-02 6.555909e-02 -7.843021e-02 -8.314120e-02 6.452711e-02
1.430481e+04 -6.538284e-02 9.500696e-01 1.226575e-01 2.788637e-02 5.008808e-02 6.763509e-02 -8.003179e-02 -8.340239e-02 6.178330e-02
1.461272e+04 -6.837068e-02 9.476892e-01 1.282685e-01 2.911330e-02 5.202605e-02 6.971748e-02 -8.153936e-02 -8.340977e-02 5.867313e-02
1.492726e+04 -7.148404e-02 9.452008e-01 1.341170e-01 3.038777e-02 5.401361e-02 7.180032e-02 -8.293856e-02 -8.314102e-02 5.518997e-02
1.524857e+04 -7.472764e-02 9.425996e-01 1.402121e-01 3.171111e-02 5.604959e-02 7.387608e-02 -8.421307e-02 -8.257305e-02 5.131827e-02
1.557680e+04 -7.810624e-02 9.398812e-01 1.465630e-01 3.308466e-02 5.813241e-02 7.593633e-02 -8.534516e-02 -8.168125e-02 4.705067e-02
1.591209e+04 -8.162464e-02 9.370404e-01 1.531791e-01 3.450976e-02 6.026051e-02 7.797260e-02 -8.631709e-02 -8.044206e-02 4.237750e-02
1.625460e+04 -8.528768e-02 9.340720e-01 1.600698e-01 3.598772e-02 6.243204e-02 7.997577e-02 -8.711025e-02 -7.883156e-02 3.729888e-02
1.660448e+04 -8.910044e-02 9.309704e-01 1.672451e-01 3.751979e-02 6.464420e-02 8.193457e-02 -8.770380e-02 -7.682747e-02 3.181546e-02
1.696190e+04 -9.306800e-02 9.277304e-01 1.747151e-01 3.910720e-02 6.689399e-02 8.383735e-02 -8.807646e-02 -7.440678e-02 2.593062e-02
1.732700e+04 -9.719552e-02 9.243460e-01 1.824898e-01 4.075116e-02 6.917841e-02 8.567238e-02 -8.820670e-02 -7.154716e-02 1.965732e-02
1.769997e+04 -1.014882e-01 9.208112e-01 1.905795e-01 4.245280e-02 7.149356e-02 8.742623e-02 -8.807211e-02 -6.822937e-02 1.300537e-02
1.808096e+04 -1.059512e-01 9.171196e-01 1.989949e-01 4.421309e-02 7.383458e-02 8.908368e-02 -8.764879e-02 -6.443713e-02 6.007753e-03
1.847016e+04 -1.105899e-01 9.132656e-01 2.077467e-01 4.603303e-02 7.619658e-02 9.062938e-02 -8.691293e-02 -6.015426e-02 -1.307148e-03
1.886773e+04 -1.154095e-01 9.092420e-01 2.168453e-01 4.791356e-02 7.857440e-02 9.204761e-02 -8.584071e-02 -5.536657e-02 -8.912289e-03
1.927386e+04 -1.204154e-01 9.050424e-01 2.263019e-01 4.985535e-02 8.096132e-02 9.332017e-02 -8.440802e-02 -5.006854e-02 -1.675093e-02
1.968873e+04 -1.256126e-01 9.006600e-01 2.361270e-01 5.185898e-02 8.335003e-02 9.442796e-02 -8.259092e-02 -4.425825e-02 -2.476931e-02
2.011253e+04 -1.310066e-01 8.960876e-01 2.463318e-01 5.392503e-02 8.573323e-02 9.535188e-02 -8.036532e-02 -3.793318e-02 -3.290326e-02
2.054546e+04 -1.366023e-01 8.913180e-01 2.569269e-01 5.605383e-02 8.810259e-02 9.607168e-02 -7.770865e-02 -3.110001e-02 -4.108822e-02
2.098770e+04 -1.424046e-01 8.863436e-01 2.679231e-01 5.824534e-02 9.044791e-02 9.656502e-02 -7.460105e-02 -2.378001e-02 -4.922867e-02
2.143946e+04 -1.484183e-01 8.811576e-01 2.793309e-01 6.049943e-02 9.275876e-02 9.680933e-02 -7.102288e-02 -1.599556e-02 -5.722771e-02
2.190095e+04 -1.546482e-01 8.757516e-01 2.911610e-01 6.281598e-02 9.502468e-02 9.678199e-02 -6.695476e-02 -7.770785e-03 -6.499458e-02
2.237237e+04 -1.610987e-01 8.701188e-01 3.034235e-01 6.519445e-02 9.723370e-02 9.645963e-02 -6.238210e-02 8.559715e-04 -7.241343e-02
2.285394e+04 -1.677736e-01 8.642508e-01 3.161280e-01 6.763368e-02 9.937178e-02 9.581778e-02 -5.729716e-02 9.825182e-03 -7.936077e-02
2.334587e+04 -1.746768e-01 8.581396e-01 3.292839e-01 7.013250e-02 1.014247e-01 9.483192e-02 -5.169256e-02 1.907571e-02 -8.570556e-02
2.384840e+04 -1.818119e-01 8.517780e-01 3.429008e-01 7.268971e-02 1.033783e-01 9.347756e-02 -4.556159e-02 2.854595e-02 -9.132294e-02
2.436173e+04 -1.891818e-01 8.451580e-01 3.569869e-01 7.530337e-02 1.052164e-01 9.173102e-02 -3.890835e-02 3.815150e-02 -9.607425e-02
2.488612e+04 -1.967886e-01 8.382716e-01 3.715494e-01 7.797085e-02 1.069209e-01 8.956937e-02 -3.174786e-02 4.778616e-02 -9.982469e-02
2.542180e+04 -2.046340e-01 8.311112e-01 3.865955e-01 8.068949e-02 1.084737e-01 8.696977e-02 -2.409551e-02 5.734412e-02 -1.024355e-01
2.596901e+04 -2.127201e-01 8.236692e-01 4.021321e-01 8.345653e-02 1.098568e-01 8.390965e-02 -1.596812e-02 6.671640e-02 -1.037694e-01
2.652799e+04 -2.210470e-01 8.159384e-01 4.181640e-01 8.626814e-02 1.110498e-01 8.037069e-02 -7.401752e-03 7.577141e-02 -1.037170e-01
2.709901e+04 -2.296136e-01 8.079120e-01 4.346944e-01 8.911973e-02 1.120315e-01 7.633757e-02 1.554283e-03 8.436181e-02 -1.021812e-01
2.768232e+04 -2.384191e-01 7.995828e-01 4.517264e-01 9.200667e-02 1.127803e-01 7.179499e-02 1.085035e-02 9.233940e-02 -9.906866e-02
2.827819e+04 -2.474622e-01 7.909440e-01 4.692628e-01 9.492418e-02 1.132747e-01 6.672884e-02 2.043377e-02 9.955534e-02 -9.428897e-02
2.888688e+04 -2.567389e-01 7.819900e-01 4.873026e-01 9.786599e-02 1.134920e-01 6.113484e-02 3.022566e-02 1.058524e-01 -8.782644e-02
2.950867e+04 -2.662441e-01 7.727160e-01 5.058429e-01 1.008251e-01 1.134090e-01 5.501360e-02 4.013407e-02 1.110683e-01 -7.970279e-02
3.014385e+04 -2.759725e-01 7.631164e-01 5.248809e-01 1.037945e-01 1.130025e-01 4.836580e-02 5.006703e-02 1.150407e-01 -6.993477e-02
3.079270e+04 -2.859184e-01 7.531864e-01 5.444128e-01 1.067670e-01 1.122494e-01 4.119505e-02 5.992791e-02 1.176135e-01 -5.856149e-02
3.145551e+04 -2.960720e-01 7.429236e-01 5.644294e-01 1.097334e-01 1.111278e-01 3.352172e-02 6.959382e-02 1.186568e-01 -4.574596e-02
3.213260e+04 -3.064225e-01 7.323256e-01 5.849196e-01 1.126841e-01 1.096158e-01 2.537205e-02 7.893274e-02 1.180518e-01 -3.168469e-02
3.282425e+04 -3.169590e-01 7.213900e-01 6.058722e-01 1.156096e-01 1.076917e-01 1.677227e-02 8.781266e-02 1.156787e-01 -1.658151e-02
3.353080e+04 -3.276695e-01 7.101160e-01 6.272744e-01 1.184996e-01 1.053350e-01 7.754404e-03 9.609839e-02 1.114393e-01 -6.614905e-04
3.425255e+04 -3.385370e-01 6.985048e-01 6.491061e-01 1.213425e-01 1.025292e-01 -1.627187e-03 1.036421e-01 1.053156e-01 1.571296e-02
3.498984e+04 -3.495437e-01 6.865588e-01 6.713457e-01 1.241260e-01 9.925905e-02 -1.131272e-02 1.102933e-01 9.730781e-02 3.216107e-02
3.574300e+04 -3.606716e-01 6.742800e-01 6.939716e-01 1.268380e-01 9.550915e-02 -2.124235e-02 1.159012e-01 8.741999e-02 4.829830e-02
3.651238e+04 -3.719008e-01 6.616724e-01 7.169593e-01 1.294659e-01 9.126726e-02 -3.134787e-02 1.203217e-01 7.569612e-02 6.372412e-02
3.729831e+04 -3.832064e-01 6.487432e-01 7.402762e-01 1.319958e-01 8.652931e-02 -4.153833e-02 1.234272e-01 6.230500e-02 7.799069e-02
3.810116e+04 -3.945624e-01 6.355012e-01 7.638879e-01 1.344137e-01 8.129257e-02 -5.171901e-02 1.250934e-01 4.743559e-02 9.064787e-02
3.892129e+04 -4.059432e-01 6.219536e-01 7.877623e-01 1.367056e-01 7.555439e-02 -6.179515e-02 1.251963e-01 3.127568e-02 1.012459e-01
3.975908e+04 -4.173200e-01 6.081112e-01 8.118594e-01 1.388573e-01 6.931811e-02 -7.166419e-02 1.236393e-01 1.407457e-02 1.093820e-01
4.061490e+04 -4.286596e-01 5.939884e-01 8.361356e-01 1.408545e-01 6.259849e-02 -8.120888e-02 1.203792e-01 -3.805542e-03 1.147635e-01
4.148914e+04 -4.399280e-01 5.796000e-01 8.605425e-01 1.426826e-01 5.541152e-02 -9.031036e-02 1.153786e-01 -2.199110e-02 1.171060e-01
4.238219e+04 -4.510916e-01 5.649612e-01 8.850343e-01 1.443273e-01 4.777343e-02 -9.884971e-02 1.086011e-01 -4.010481e-02 1.161341e-01
4.329448e+04 -4.621140e-01 5.500896e-01 9.095603e-01 1.457749e-01 3.970944e-02 -1.067088e-01 1.000666e-01 -5.774322e-02 1.117265e-01
4.422639e+04 -4.729548e-01 5.350068e-01 9.340628e-01 1.470127e-01 3.125698e-02 -1.137702e-01 8.987099e-02 -7.445932e-02 1.040063e-01
4.517837e+04 -4.835744e-01 5.197352e-01 9.584847e-01 1.480280e-01 2.245436e-02 -1.199168e-01 7.811514e-02 -8.980591e-02 9.309170e-02
4.615084e+04 -4.939320e-01 5.042972e-01 9.827680e-01 1.488084e-01 1.334032e-02 -1.250321e-01 6.490331e-02 -1.033363e-01 7.911935e-02
4.714424e+04 -5.039860e-01 4.887180e-01 1.006852e+00 1.493435e-01 3.963583e-03 -1.290183e-01 5.041004e-02 -1.146698e-01 6.245719e-02
4.815903e+04 -5.136928e-01 4.730252e-01 1.030672e+00 1.496249e-01 -5.617410e-03 -1.317957e-01 3.487823e-02 -1.234904e-01 4.367675e-02
4.919566e+04 -5.230096e-01 4.572472e-01 1.054164e+00 1.496445e-01 -1.534380e-02 -1.332855e-01 1.855363e-02 -1.294828e-01 2.335900e-02
5.025460e+04 -5.318924e-01 4.414128e-01 1.077263e+00 1.493942e-01 -2.515622e-02 -1.334118e-01 1.685592e-03 -1.323463e-01 2.106985e-03
5.133633e+04 -5.402988e-01 4.255524e-01 1.099903e+00 1.488701e-01 -3.498863e-02 -1.321393e-01 -1.543159e-02 -1.319647e-01 -1.939250e-02
5.244135e+04 -5.481872e-01 4.096984e-01 1.122019e+00 1.480705e-01 -4.477027e-02 -1.294614e-01 -3.247177e-02 -1.283515e-01 -4.037000e-02
5.357016e+04 -5.555160e-01 3.938828e-01 1.143546e+00 1.469941e-01 -5.443030e-02 -1.253720e-01 -4.910805e-02 -1.215225e-01 -6.004836e-02
5.472326e+04 -5.622432e-01 3.781380e-01 1.164419e+00 1.456400e-01 -6.389808e-02 -1.198713e-01 -6.501658e-02 -1.115210e-01 -7.768817e-02
5.590119e+04 -5.683332e-01 3.624966e-01 1.184577e+00 1.440125e-01 -7.310473e-02 -1.130135e-01 -7.989799e-02 -9.861916e-02 -9.270902e-02
5.710447e+04 -5.737524e-01 3.469916e-01 1.203965e+00 1.421183e-01 -8.198228e-02 -1.048800e-01 -9.346532e-02 -8.320384e-02 -1.046254e-01
5.833365e+04 -5.784664e-01 3.316556e-01 1.222525e+00 1.399642e-01 -9.046276e-02 -9.555233e-02 -1.054317e-01 -6.566384e-02 -1.129441e-01
5.958929e+04 -5.824440e-01 3.165213e-01 1.240201e+00 1.375581e-01 -9.848032e-02 -8.511994e-02 -1.155283e-01 -4.640998e-02 -1.172491e-01
6.087195e+04 -5.856608e-01 3.016186e-01 1.256949e+00 1.349123e-01 -1.059812e-01 -7.371790e-02 -1.235892e-01 -2.598145e-02 -1.175115e-01
6.218223e+04 -5.880964e-01 2.869770e-01 1.272724e+00 1.320414e-01 -1.129159e-01 -6.149741e-02 -1.294853e-01 -4.962058e-03 -1.138341e-01
6.352071e+04 -5.897288e-01 2.726256e-01 1.287485e+00 1.289595e-01 -1.192349e-01 -4.860974e-02 -1.330871e-01 1.606223e-02 -1.063294e-01
6.488800e+04 -5.905412e-01 2.585925e-01 1.301191e+00 1.256821e-01 -1.248940e-01 -3.521022e-02 -1.343008e-01 3.652383e-02 -9.518876e-02
6.628472e+04 -5.905280e-01 2.449011e-01 1.313822e+00 1.222279e-01 -1.298693e-01 -2.147044e-02 -1.331710e-01 5.591921e-02 -8.094098e-02
6.771151e+04 -5.896856e-01 2.315737e-01 1.325357e+00 1.186170e-01 -1.341420e-01 -7.565947e-03 -1.297763e-01 7.376147e-02 -6.420005e-02
6.916900e+04 -5.880124e-01 2.186326e-01 1.335777e+00 1.148691e-01 -1.376932e-01 6.327724e-03 -1.241952e-01 8.956362e-02 -4.558101e-02
7.065787e+04 -5.855096e-01 2.060975e-01 1.345069e+00 1.110044e-01 -1.405119e-01 2.004205e-02 -1.165443e-01 1.029143e-01 -2.571696e-02
7.217879e+04 -5.821904e-01 1.939824e-01 1.353233e+00 1.070442e-01 -1.426079e-01 3.342757e-02 -1.070433e-01 1.136090e-01 -5.299499e-03
7.373245e+04 -5.780708e-01 1.822997e-01 1.360276e+00 1.030101e-01 -1.439950e-01 4.633800e-02 -9.592903e-02 1.214767e-01 1.495581e-02
7.531955e+04 -5.731652e-01 1.710622e-01 1.366200e+00 9.892334e-02 -1.446866e-01 5.862730e-02 -8.343855e-02 1.263496e-01 3.435086e-02
7.694081e+04 -5.674948e-01 1.602792e-01 1.371017e+00 9.480489e-02 -1.447045e-01 7.017052e-02 -6.982403e-02 1.281653e-01 5.227615e-02
7.859697e+04 -5.610900e-01 1.499541e-01 1.374754e+00 9.067429e-02 -1.440857e-01 8.088313e-02 -5.536651e-02 1.270667e-01 6.831010e-02
8.028878e+04 -5.539828e-01 1.400894e-01 1.377436e+00 8.655102e-02 -1.428693e-01 9.068522e-02 -4.035046e-02 1.232226e-01 8.205153e-02
8.201700e+04 -5.462044e-01 1.306876e-01 1.379093e+00 8.245447e-02 -1.410942e-01 9.949749e-02 -2.505968e-02 1.168001e-01 9.310117e-02
8.378243e+04 -5.377908e-01 1.217477e-01 1.379757e+00 7.840212e-02 -1.388042e-01 1.072702e-01 -9.753732e-03 1.080417e-01 1.012314e-01
8.558585e+04 -5.287848e-01 1.132638e-01 1.379473e+00 7.440874e-02 -1.360498e-01 1.139939e-01 5.341061e-03 9.729120e-02 1.064509e-01
8.742810e+04 -5.192284e-01 1.052294e-01 1.378283e+00 7.048892e-02 -1.328820e-01 1.196622e-01 2.000076e-02 8.489990e-02 1.087872e-01
8.931000e+04 -5.091640e-01 9.763844e-02 1.376233e+00 6.665712e-02 -1.293514e-01 1.242697e-01 3.400375e-02 7.121789e-02 1.082603e-01
9.123241e+04 -4.986360e-01 9.048128e-02 1.373370e+00 6.292491e-02 -1.255085e-01 1.278377e-01 4.718377e-02 5.659260e-02 1.050445e-01
9.319619e+04 -4.876912e-01 8.374548e-02 1.369746e+00 5.930096e-02 -1.214029e-01 1.304133e-01 5.942847e-02 4.136604e-02 9.943542e-02
9.520225e+04 -4.763764e-01 7.741848e-02 1.365415e+00 5.579383e-02 -1.170843e-01 1.320451e-01 7.062813e-02 2.588169e-02 9.173460e-02
9.725149e+04 -4.647376e-01 7.148760e-02 1.360428e+00 5.241186e-02 -1.126019e-01 1.327825e-01 8.067736e-02 1.047655e-02 8.225128e-02
9.934484e+04 -4.528208e-01 6.593824e-02 1.354840e+00 4.916024e-02 -1.079991e-01 1.326889e-01 8.953047e-02 -4.583773e-03 7.131864e-02
1.014832e+05 -4.406704e-01 6.075464e-02 1.348704e+00 4.604198e-02 -1.033156e-01 1.318378e-01 9.718428e-02 -1.908415e-02 5.928791e-02
1.036677e+05 -4.283316e-01 5.592084e-02 1.342074e+00 4.306000e-02 -9.859060e-02 1.303028e-01 1.036365e-01 -3.280996e-02 4.651863e-02
1.058991e+05 -4.158484e-01 5.142104e-02 1.335003e+00 4.021696e-02 -9.386254e-02 1.281576e-01 1.088897e-01 -4.555854e-02 3.335697e-02
1.081786e+05 -4.032608e-01 4.723880e-02 1.327542e+00 3.751286e-02 -8.916139e-02 1.254755e-01 1.129872e-01 -5.721672e-02 2.007361e-02
1.105072e+05 -3.906078e-01 4.335756e-02 1.319738e+00 3.494638e-02 -8.451283e-02 1.223296e-01 1.159938e-01 -6.771936e-02 6.928819e-03
1.128859e+05 -3.779274e-01 3.976080e-02 1.311642e+00 3.251619e-02 -7.994252e-02 1.187930e-01 1.179741e-01 -7.700124e-02 -5.840944e-03
1.153158e+05 -3.652570e-01 3.643205e-02 1.303300e+00 3.022067e-02 -7.547466e-02 1.149372e-01 1.189952e-01 -8.500842e-02 -1.799878e-02
1.177979e+05 -3.526285e-01 3.335568e-02 1.294754e+00 2.805651e-02 -7.112517e-02 1.108234e-01 1.191393e-01 -9.175464e-02 -2.940559e-02
1.203336e+05 -3.400716e-01 3.051632e-02 1.286047e+00 2.601982e-02 -6.690699e-02 1.065092e-01 1.184934e-01 -9.728057e-02 -3.996697e-02
1.229237e+05 -3.276162e-01 2.789861e-02 1.277217e+00 2.410668e-02 -6.283305e-02 1.020522e-01 1.171450e-01 -1.016259e-01 -4.957774e-02
1.255697e+05 -3.152903e-01 2.548756e-02 1.268303e+00 2.231300e-02 -5.891470e-02 9.750657e-02 1.151800e-01 -1.048367e-01 -5.815327e-02
1.282726e+05 -3.031164e-01 2.326965e-02 1.259338e+00 2.063393e-02 -5.515693e-02 9.291341e-02 1.126793e-01 -1.069921e-01 -6.568621e-02
1.310337e+05 -2.911153e-01 2.123171e-02 1.250351e+00 1.906445e-02 -5.156319e-02 8.831035e-02 1.097226e-01 -1.081786e-01 -7.218716e-02
1.338542e+05 -2.793077e-01 1.936058e-02 1.241375e+00 1.759951e-02 -4.813688e-02 8.373506e-02 1.063895e-01 -1.084811e-01 -7.766459e-02
1.367354e+05 -2.677125e-01 1.764372e-02 1.232438e+00 1.623406e-02 -4.488005e-02 7.922103e-02 1.027547e-01 -1.079870e-01 -8.213856e-02
1.396787e+05 -2.563435e-01 1.607020e-02 1.223560e+00 1.496301e-02 -4.179091e-02 7.479029e-02 9.887925e-02 -1.067857e-01 -8.566520e-02
1.426853e+05 -2.452134e-01 1.462944e-02 1.214766e+00 1.378123e-02 -3.886701e-02 7.046290e-02 9.482184e-02 -1.049662e-01 -8.831269e-02
1.457566e+05 -2.343352e-01 1.331081e-02 1.206075e+00 1.268361e-02 -3.610591e-02 6.625890e-02 9.064118e-02 -1.026182e-01 -9.013729e-02
1.488940e+05 -2.237195e-01 1.210448e-02 1.197507e+00 1.166520e-02 -3.350424e-02 6.219431e-02 8.638872e-02 -9.982487e-02 -9.121568e-02
1.520990e+05 -2.133732e-01 1.100208e-02 1.189077e+00 1.072134e-02 -3.105684e-02 5.827738e-02 8.210258e-02 -9.665930e-02 -9.161495e-02
1.553729e+05 -2.033029e-01 9.995420e-03 1.180799e+00 9.847421e-03 -2.875836e-02 5.451555e-02 7.781921e-02 -9.319120e-02 -9.140808e-02
1.587173e+05 -1.935148e-01 9.076312e-03 1.172685e+00 9.038827e-03 -2.660344e-02 5.091610e-02 7.357481e-02 -8.949275e-02 -9.068182e-02
1.621337e+05 -1.840134e-01 8.237412e-03 1.164749e+00 8.291247e-03 -2.458633e-02 4.748325e-02 6.939865e-02 -8.562430e-02 -8.948971e-02
1.656237e+05 -1.748005e-01 7.472500e-03 1.156996e+00 7.600778e-03 -2.270079e-02 4.421689e-02 6.530987e-02 -8.163514e-02 -8.790843e-02
1.691888e+05 -1.658777e-01 6.775452e-03 1.149436e+00 6.963544e-03 -2.094053e-02 4.111659e-02 6.132714e-02 -7.757271e-02 -8.599515e-02
1.728306e+05 -1.572464e-01 6.140176e-03 1.142075e+00 6.375690e-03 -1.929928e-02 3.818189e-02 5.746872e-02 -7.348254e-02 -8.381516e-02
1.765508e+05 -1.489065e-01 5.561380e-03 1.134919e+00 5.833735e-03 -1.777088e-02 3.541035e-02 5.374707e-02 -6.940324e-02 -8.142263e-02
1.803510e+05 -1.408567e-01 5.034560e-03 1.127971e+00 5.334574e-03 -1.634928e-02 3.279769e-02 5.016905e-02 -6.536134e-02 -7.885844e-02
1.842331e+05 -1.330952e-01 4.555260e-03 1.121237e+00 4.875120e-03 -1.502843e-02 3.033953e-02 4.674120e-02 -6.138348e-02 -7.617114e-02
1.881988e+05 -1.256203e-01 4.119064e-03 1.114719e+00 4.452313e-03 -1.380235e-02 2.803142e-02 4.346959e-02 -5.749628e-02 -7.340688e-02
1.922497e+05 -1.184289e-01 3.722258e-03 1.108420e+00 4.063480e-03 -1.266541e-02 2.586805e-02 4.035674e-02 -5.371726e-02 -7.059090e-02
1.963879e+05 -1.115170e-01 3.361630e-03 1.102339e+00 3.706225e-03 -1.161234e-02 2.384347e-02 3.740177e-02 -5.005919e-02 -6.776245e-02
2.006152e+05 -1.048806e-01 3.033980e-03 1.096474e+00 3.378159e-03 -1.063783e-02 2.195175e-02 3.460431e-02 -4.653349e-02 -6.493433e-02
2.049335e+05 -9.851544e-02 2.736172e-03 1.090824e+00 3.076934e-03 -9.736657e-03 2.018695e-02 3.196330e-02 -4.315129e-02 -6.214901e-02
2.093447e+05 -9.241656e-02 2.465648e-03 1.085388e+00 2.800562e-03 -8.904176e-03 1.854302e-02 2.947580e-02 -3.991907e-02 -5.940992e-02
2.138509e+05 -8.657856e-02 2.220142e-03 1.080163e+00 2.547243e-03 -8.136031e-03 1.701398e-02 2.713758e-02 -3.683813e-02 -5.673775e-02
2.184540e+05 -8.099596e-02 1.997394e-03 1.075148e+00 2.315175e-03 -7.427873e-03 1.559376e-02 2.494454e-02 -3.391285e-02 -5.414564e-02
2.231563e+05 -7.566332e-02 1.795220e-03 1.070341e+00 2.102611e-03 -6.775450e-03 1.427642e-02 2.289250e-02 -3.114477e-02 -5.164423e-02
2.279597e+05 -7.057436e-02 1.611875e-03 1.065739e+00 1.908107e-03 -6.175103e-03 1.305638e-02 2.097615e-02 -2.853231e-02 -4.924411e-02
2.328666e+05 -6.572268e-02 1.445779e-03 1.061336e+00 1.730328e-03 -5.623387e-03 1.192819e-02 1.919011e-02 -2.607358e-02 -4.694556e-02
2.378791e+05 -6.110180e-02 1.295351e-03 1.057131e+00 1.567940e-03 -5.116852e-03 1.088643e-02 1.752894e-02 -2.376664e-02 -4.476372e-02
2.429995e+05 -5.670508e-02 1.159089e-03 1.053120e+00 1.419668e-03 -4.652184e-03 9.925809e-03 1.598706e-02 -2.160793e-02 -4.269447e-02
2.482300e+05 -5.252524e-02 1.035810e-03 1.049296e+00 1.284470e-03 -4.226572e-03 9.041559e-03 1.455915e-02 -1.959374e-02 -4.073548e-02
2.535732e+05 -4.855480e-02 9.244136e-04 1.045652e+00 1.161364e-03 -3.837338e-03 8.229053e-03 1.323936e-02 -1.771928e-02 -3.889491e-02
2.590314e+05 -4.478628e-02 8.237972e-04 1.042184e+00 1.049366e-03 -3.481804e-03 7.483683e-03 1.202223e-02 -1.597965e-02 -3.716803e-02
2.646071e+05 -4.121204e-02 7.329404e-04 1.038884e+00 9.475593e-04 -3.157445e-03 6.801043e-03 1.090229e-02 -1.436991e-02 -3.555709e-02
2.703028e+05 -3.782410e-02 6.510488e-04 1.035747e+00 8.552021e-04 -2.862161e-03 6.177299e-03 9.874405e-03 -1.288441e-02 -3.405453e-02
2.761211e+05 -3.461442e-02 5.773660e-04 1.032767e+00 7.715836e-04 -2.593930e-03 5.608725e-03 8.933493e-03 -1.151842e-02 -3.266364e-02
2.820646e+05 -3.157492e-02 5.111376e-04 1.029936e+00 6.959940e-04 -2.350724e-03 5.091612e-03 8.074715e-03 -1.026583e-02 -3.137554e-02
2.881361e+05 -2.869714e-02 4.516776e-04 1.027248e+00 6.277790e-04 -2.130663e-03 4.622421e-03 7.292908e-03 -9.121478e-03 -3.019333e-02
2.943383e+05 -2.597193e-02 3.984366e-04 1.024696e+00 5.663928e-04 -1.932124e-03 4.198013e-03 6.583612e-03 -8.079952e-03 -2.910806e-02
3.006739e+05 -2.339005e-02 3.508800e-04 1.022273e+00 5.113014e-04 -1.753521e-03 3.815312e-03 5.942213e-03 -7.135067e-03 -2.811819e-02
3.071460e+05 -2.094226e-02 3.084758e-04 1.019971e+00 4.619734e-04 -1.593270e-03 3.471229e-03 5.364220e-03 -6.280890e-03 -2.721506e-02
3.137573e+05 -1.861903e-02 2.707526e-04 1.017782e+00 4.179283e-04 -1.449923e-03 3.162876e-03 4.845194e-03 -5.513042e-03 -2.640250e-02
3.205110e+05 -1.641050e-02 2.373244e-04 1.015697e+00 3.787575e-04 -1.322220e-03 2.887729e-03 4.381206e-03 -4.824533e-03 -2.566676e-02
3.274100e+05 -1.430674e-02 2.078116e-04 1.013704e+00 3.440582e-04 -1.208913e-03 2.643221e-03 3.968270e-03 -4.211134e-03 -2.500706e-02
3.344576e+05 -1.229786e-02 1.818369e-04 1.011795e+00 3.134293e-04 -1.108764e-03 2.426839e-03 3.602341e-03 -3.667008e-03 -2.441788e-02
3.416568e+05 -1.037379e-02 1.590679e-04 1.009960e+00 2.865100e-04 -1.020642e-03 2.236236e-03 3.279660e-03 -3.186624e-03 -2.389409e-02
3.490110e+05 -8.524296e-03 1.392177e-04 1.008189e+00 2.629794e-04 -9.435251e-04 2.069281e-03 2.996805e-03 -2.765147e-03 -2.343129e-02
3.565235e+05 -6.739144e-03 1.220016e-04 1.006476e+00 2.425194e-04 -8.763997e-04 1.923817e-03 2.750204e-03 -2.397613e-03 -2.302084e-02
3.641977e+05 -5.008104e-03 1.071378e-04 1.004811e+00 2.248137e-04 -8.182584e-04 1.797749e-03 2.536446e-03 -2.078912e-03 -2.266108e-02
3.720371e+05 -3.321091e-03 9.438108e-05 1.003184e+00 2.095825e-04 -7.682009e-04 1.689144e-03 2.352259e-03 -1.804633e-03 -2.234994e-02
3.800452e+05 -1.668134e-03 8.351248e-05 1.001587e+00 1.965723e-04 -7.254054e-04 1.596241e-03 2.194697e-03 -1.570411e-03 -2.207978e-02
3.882258e+05 -3.927833e-05 7.431396e-05 1.000011e+00 1.855301e-04 -6.890488e-04 1.517285e-03 2.060927e-03 -1.371144e-03 -2.183928e-02
3.965824e+05 1.575347e-03 6.657204e-05 9.984447e-01 1.762077e-04 -6.583289e-04 1.450550e-03 1.947869e-03 -1.203445e-03 -2.163640e-02
4.051188e+05 3.185015e-03 6.010848e-05 9.968794e-01 1.683963e-04 -6.325610e-04 1.394535e-03 1.853079e-03 -1.063543e-03 -2.146232e-02
4.138391e+05 4.798688e-03 5.476336e-05 9.953084e-01 1.619067e-04 -6.111276e-04 1.347937e-03 1.774339e-03 -9.475878e-04 -2.131269e-02
4.227470e+05 6.425312e-03 5.037724e-05 9.937223e-01 1.565510e-04 -5.934106e-04 1.309406e-03 1.709459e-03 -8.523951e-04 -2.117939e-02
4.318467e+05 8.073672e-03 4.679684e-05 9.921128e-01 1.521476e-04 -5.788206e-04 1.277666e-03 1.656026e-03 -7.745182e-04 -2.106953e-02
4.411422e+05 9.751692e-03 4.390444e-05 9.904725e-01 1.485570e-04 -5.668961e-04 1.251719e-03 1.612594e-03 -7.118993e-04 -2.097204e-02
4.506379e+05 1.146698e-02 4.159520e-05 9.887951e-01 1.456544e-04 -5.572265e-04 1.230667e-03 1.577525e-03 -6.619454e-04 -2.088934e-02
4.603379e+05 1.322714e-02 3.976443e-05 9.870728e-01 1.433150e-04 -5.494048e-04 1.213635e-03 1.549324e-03 -6.224147e-04 -2.081458e-02
4.702467e+05 1.503958e-02 3.831587e-05 9.852984e-01 1.414240e-04 -5.430498e-04 1.199786e-03 1.526622e-03 -5.909400e-04 -2.074377e-02
4.803688e+05 1.691099e-02 3.718316e-05 9.834654e-01 1.399027e-04 -5.379059e-04 1.188559e-03 1.508427e-03 -5.670206e-04 -2.068176e-02
4.907088e+05 1.884784e-02 3.630886e-05 9.815682e-01 1.386816e-04 -5.337438e-04 1.179472e-03 1.493901e-03 -5.486303e-04 -2.062335e-02
5.012714e+05 2.085660e-02 3.563526e-05 9.796003e-01 1.376921e-04 -5.303352e-04 1.172028e-03 1.482264e-03 -5.343118e-04 -2.056838e-02
5.120613e+05 2.294363e-02 3.511163e-05 9.775560e-01 1.368730e-04 -5.274812e-04 1.165789e-03 1.472672e-03 -5.230362e-04 -2.051556e-02
5.230835e+05 2.511494e-02 3.470562e-05 9.754283e-01 1.361854e-04 -5.250543e-04 1.160472e-03 1.464630e-03 -5.145912e-04 -2.046707e-02
5.343429e+05 2.737650e-02 3.438852e-05 9.732120e-01 1.355951e-04 -5.229377e-04 1.155827e-03 1.457918e-03 -5.085001e-04 -2.041259e-02
5.458447e+05 2.973430e-02 3.413640e-05 9.709008e-01 1.350729e-04 -5.210366e-04 1.151651e-03 1.452100e-03 -5.036586e-04 -2.035770e-02
5.575941e+05 3.219435e-02 3.393284e-05 9.684904e-01 1.345984e-04 -5.192860e-04 1.147798e-03 1.446734e-03 -4.996844e-04 -2.030694e-02
5.695963e+05 3.476269e-02 3.376206e-05 9.659750e-01 1.341530e-04 -5.176216e-04 1.144126e-03 1.441825e-03 -4.967487e-04 -2.025131e-02
5.818570e+05 3.744544e-02 3.361290e-05 9.633490e-01 1.337224e-04 -5.159994e-04 1.140556e-03 1.437086e-03 -4.940270e-04 -2.019487e-02
5.943815e+05 4.024876e-02 3.347852e-05 9.606024e-01 1.332978e-04 -5.143857e-04 1.136992e-03 1.432485e-03 -4.919550e-04 -2.013651e-02
6.071756e+05 4.317888e-02 3.335214e-05 9.577281e-01 1.328703e-04 -5.127520e-04 1.133381e-03 1.427847e-03 -4.901059e-04 -2.007529e-02
6.202452e+05 4.624256e-02 3.322953e-05 9.547209e-01 1.324347e-04 -5.110815e-04 1.129688e-03 1.423135e-03 -4.883733e-04 -2.001472e-02
6.335960e+05 4.944668e-02 3.310809e-05 9.515782e-01 1.319871e-04 -5.093613e-04 1.125894e-03 1.418307e-03 -4.863033e-04 -1.994637e-02
6.472342e+05 5.279832e-02 3.298528e-05 9.482941e-01 1.315243e-04 -5.075781e-04 1.121958e-03 1.413357e-03 -4.843489e-04 -1.987800e-02
6.611660e+05 5.630460e-02 3.285965e-05 9.448608e-01 1.310436e-04 -5.057249e-04 1.117863e-03 1.408202e-03 -4.823875e-04 -1.980298e-02
6.753977e+05 5.997284e-02 3.272974e-05 9.412684e-01 1.305425e-04 -5.037944e-04 1.113593e-03 1.402775e-03 -4.807309e-04 -1.972955e-02
6.899357e+05 6.381084e-02 3.259497e-05 9.375082e-01 1.300193e-04 -5.017760e-04 1.109133e-03 1.397138e-03 -4.785622e-04 -1.965015e-02
7.047866e+05 6.782696e-02 3.245473e-05 9.335746e-01 1.294728e-04 -4.996673e-04 1.104474e-03 1.391285e-03 -4.768355e-04 -1.956987e-02
7.199572e+05 7.202964e-02 3.230822e-05 9.294625e-01 1.289018e-04 -4.974631e-04 1.099607e-03 1.385196e-03 -4.746174e-04 -1.948109e-02
7.354544e+05 7.642716e-02 3.215529e-05 9.251620e-01 1.283049e-04 -4.951603e-04 1.094512e-03 1.378743e-03 -4.725261e-04 -1.939333e-02
7.512851e+05 8.102804e-02 3.199536e-05 9.206602e-01 1.276803e-04 -4.927501e-04 1.089181e-03 1.371996e-03 -4.701905e-04 -1.929882e-02
7.674566e+05 8.584112e-02 3.182797e-05 9.159443e-01 1.270260e-04 -4.902252e-04 1.083603e-03 1.364996e-03 -4.679577e-04 -1.920053e-02
7.839762e+05 9.087600e-02 3.165282e-05 9.110071e-01 1.263410e-04 -4.875813e-04 1.077762e-03 1.357640e-03 -4.651592e-04 -1.909525e-02
8.008514e+05 9.614264e-02 3.146959e-05 9.058423e-01 1.256243e-04 -4.848163e-04 1.071658e-03 1.349928e-03 -4.622707e-04 -1.898960e-02
8.180898e+05 1.016510e-01 3.127820e-05 9.004425e-01 1.248755e-04 -4.819267e-04 1.065261e-03 1.341864e-03 -4.599124e-04 -1.887504e-02
8.356993e+05 1.074112e-01 3.107824e-05 8.947987e-01 1.240924e-04 -4.789040e-04 1.058581e-03 1.333446e-03 -4.569370e-04 -1.875683e-02
8.536878e+05 1.134334e-01 3.086906e-05 8.888972e-01 1.232738e-04 -4.757455e-04 1.051603e-03 1.324675e-03 -4.540316e-04 -1.863284e-02
8.720635e+05 1.197281e-01 3.065055e-05 8.827281e-01 1.224179e-04 -4.724426e-04 1.044307e-03 1.315466e-03 -4.505553e-04 -1.850449e-02
8.908348e+05 1.263062e-01 3.042230e-05 8.762805e-01 1.215234e-04 -4.689901e-04 1.036675e-03 1.305863e-03 -4.472739e-04 -1.836894e-02
9.100101e+05 1.331784e-01 3.018383e-05 8.695432e-01 1.205888e-04 -4.653833e-04 1.028706e-03 1.295846e-03 -4.439642e-04 -1.822636e-02
9.295982e+05 1.403559e-01 2.993496e-05 8.625068e-01 1.196130e-04 -4.616160e-04 1.020378e-03 1.285411e-03 -4.406084e-04 -1.807805e-02
9.496079e+05 1.478496e-01 2.967509e-05 8.551599e-01 1.185936e-04 -4.576832e-04 1.011681e-03 1.274376e-03 -4.366981e-04 -1.792520e-02
9.700483e+05 1.556707e-01 2.940398e-05 8.474904e-01 1.175297e-04 -4.535768e-04 1.002608e-03 1.262991e-03 -4.329620e-04 -1.776410e-02
9.909287e+05 1.638303e-01 2.912117e-05 8.394882e-01 1.164196e-04 -4.492939e-04 9.931469e-04 1.251029e-03 -4.286733e-04 -1.759916e-02
1.012259e+06 1.723395e-01 2.882630e-05 8.311413e-01 1.152617e-04 -4.448249e-04 9.832669e-04 1.238593e-03 -4.241888e-04 -1.742206e-02
1.034048e+06 1.812094e-01 2.851905e-05 8.224397e-01 1.140546e-04 -4.401662e-04 9.729695e-04 1.225631e-03 -4.197732e-04 -1.723949e-02
1.056306e+06 1.904503e-01 2.819909e-05 8.133712e-01 1.127965e-04 -4.353117e-04 9.622520e-04 1.212138e-03 -4.150984e-04 -1.704980e-02
1.079043e+06 2.000726e-01 2.786604e-05 8.039265e-01 1.114866e-04 -4.302551e-04 9.510679e-04 1.198083e-03 -4.104876e-04 -1.685143e-02
1.102269e+06 2.100868e-01 2.751934e-05 7.940949e-01 1.101226e-04 -4.249922e-04 9.394371e-04 1.183386e-03 -4.053031e-04 -1.664617e-02
1.125996e+06 2.205026e-01 2.715898e-05 7.838658e-01 1.087036e-04 -4.195169e-04 9.273349e-04 1.168119e-03 -4.001601e-04 -1.643244e-02
1.150233e+06 2.313294e-01 2.678440e-05 7.732305e-01 1.072284e-04 -4.138228e-04 9.147527e-04 1.152331e-03 -3.947751e-04 -1.620794e-02
1.174992e+06 2.425754e-01 2.639556e-05 7.621806e-01 1.056957e-04 -4.079075e-04 9.016737e-04 1.135842e-03 -3.891793e-04 -1.597689e-02
1.200284e+06 2.542476e-01 2.599210e-05 7.507074e-01 1.041042e-04 -4.017650e-04 8.881059e-04 1.118776e-03 -3.829993e-04 -1.573356e-02
1.226120e+06 2.663534e-01 2.557355e-05 7.388030e-01 1.024529e-04 -3.953929e-04 8.740135e-04 1.101021e-03 -3.774011e-04 -1.548618e-02
1.252512e+06 2.788988e-01 2.514015e-05 7.264625e-01 1.007412e-04 -3.887869e-04 8.594099e-04 1.082598e-03 -3.709608e-04 -1.522738e-02
1.279473e+06 2.918882e-01 2.469136e-05 7.136802e-01 9.896817e-05 -3.819449e-04 8.442891e-04 1.063558e-03 -3.645326e-04 -1.495983e-02
1.307013e+06 3.053252e-01 2.422738e-05 7.004520e-01 9.713320e-05 -3.748636e-04 8.286465e-04 1.043841e-03 -3.574112e-04 -1.468360e-02
1.335147e+06 3.192110e-01 2.374809e-05 6.867754e-01 9.523636e-05 -3.675417e-04 8.124595e-04 1.023528e-03 -3.506315e-04 -1.439239e-02
1.363886e+06 3.335455e-01 2.325332e-05 6.726499e-01 9.327688e-05 -3.599813e-04 7.957520e-04 1.002406e-03 -3.433139e-04 -1.410003e-02
1.393244e+06 3.483280e-01 2.274323e-05 6.580762e-01 9.125550e-05 -3.521804e-04 7.785101e-04 9.807188e-04 -3.359747e-04 -1.379343e-02
1.423234e+06 3.635538e-01 2.221795e-05 6.430572e-01 8.917235e-05 -3.441403e-04 7.607414e-04 9.583524e-04 -3.281527e-04 -1.347887e-02
1.453869e+06 3.792172e-01 2.167786e-05 6.275979e-01 8.702810e-05 -3.358663e-04 7.424504e-04 9.352638e-04 -3.203567e-04 -1.315784e-02
1.485164e+06 3.953104e-01 2.112298e-05 6.117056e-01 8.482385e-05 -3.273591e-04 7.236471e-04 9.115966e-04 -3.122023e-04 -1.282195e-02
1.517132e+06 4.118212e-01 2.055398e-05 5.953899e-01 8.256095e-05 -3.186258e-04 7.043395e-04 8.872974e-04 -3.041861e-04 -1.247913e-02
1.549788e+06 4.287368e-01 1.997097e-05 5.786634e-01 8.024106e-05 -3.096732e-04 6.845511e-04 8.623309e-04 -2.954198e-04 -1.213124e-02
1.583148e+06 4.460404e-01 1.937486e-05 5.615415e-01 7.786637e-05 -3.005071e-04 6.642922e-04 8.369115e-04 -2.869218e-04 -1.176790e-02
1.617225e+06 4.637116e-01 1.876616e-05 5.440425e-01 7.543943e-05 -2.911424e-04 6.435927e-04 8.107463e-04 -2.776591e-04 -1.140256e-02
1.652036e+06 4.817288e-01 1.814576e-05 5.261882e-01 7.296320e-05 -2.815863e-04 6.224711e-04 7.841498e-04 -2.688346e-04 -1.103025e-02
1.687596e+06 5.000648e-01 1.751445e-05 5.080031e-01 7.044106e-05 -2.718523e-04 6.009554e-04 7.570506e-04 -2.594089e-04 -1.064876e-02
1.723922e+06 5.186876e-01 1.687312e-05 4.895154e-01 6.787701e-05 -2.619576e-04 5.790854e-04 7.295143e-04 -2.499044e-04 -1.026065e-02
1.761030e+06 5.375656e-01 1.622331e-05 4.707569e-01 6.527546e-05 -2.519169e-04 5.568964e-04 7.015508e-04 -2.401258e-04 -9.867753e-03
1.798936e+06 5.566624e-01 1.556586e-05 4.517636e-01 6.264145e-05 -2.417523e-04 5.344250e-04 6.732263e-04 -2.306459e-04 -9.472083e-03
1.837658e+06 5.759400e-01 1.490238e-05 4.325753e-01 5.998047e-05 -2.314828e-04 5.117227e-04 6.446340e-04 -2.207065e-04 -9.065918e-03
1.877214e+06 5.953556e-01 1.423437e-05 4.132348e-01 5.729836e-05 -2.211321e-04 4.888438e-04 6.158049e-04 -2.108730e-04 -8.662661e-03
1.917621e+06 6.148568e-01 1.356332e-05 3.937869e-01 5.460138e-05 -2.107232e-04 4.658347e-04 5.868426e-04 -2.008969e-04 -8.253158e-03
1.958898e+06 6.343900e-01 1.289102e-05 3.742799e-01 5.189623e-05 -2.002827e-04 4.427557e-04 5.577689e-04 -1.908960e-04 -7.845457e-03
2.001064e+06 6.539012e-01 1.221903e-05 3.547660e-01 4.919018e-05 -1.898397e-04 4.196697e-04 5.287009e-04 -1.811810e-04 -7.436639e-03
2.044137e+06 6.733356e-01 1.154954e-05 3.353014e-01 4.649092e-05 -1.794227e-04 3.966471e-04 4.997113e-04 -1.711899e-04 -7.028977e-03
2.088137e+06 6.926356e-01 1.088449e-05 3.159447e-01 4.380679e-05 -1.690635e-04 3.737422e-04 4.708507e-04 -1.613899e-04 -6.621391e-03
2.133085e+06 7.117412e-01 1.022594e-05 2.967561e-01 4.114584e-05 -1.587943e-04 3.510479e-04 4.422437e-04 -1.513179e-04 -6.219925e-03
2.179000e+06 7.305884e-01 9.575940e-06 2.777970e-01 3.851694e-05 -1.486483e-04 3.286193e-04 4.140038e-04 -1.417512e-04 -5.821931e-03
2.225903e+06 7.491140e-01 8.936504e-06 2.591299e-01 3.592839e-05 -1.386585e-04 3.065390e-04 3.861854e-04 -1.321111e-04 -5.431839e-03
2.273816e+06 7.672564e-01 8.309812e-06 2.408181e-01 3.338933e-05 -1.288593e-04 2.848703e-04 3.589057e-04 -1.229657e-04 -5.047848e-03
2.322760e+06 7.849544e-01 7.698124e-06 2.229245e-01 3.090820e-05 -1.192844e-04 2.637023e-04 3.322090e-04 -1.138296e-04 -4.672438e-03
2.372757e+06 8.021472e-01 7.103456e-06 2.055108e-01 2.849370e-05 -1.099652e-04 2.431035e-04 3.062868e-04 -1.047860e-04 -4.306215e-03
2.423831e+06 8.187756e-01 6.527600e-06 1.886366e-01 2.615393e-05 -1.009364e-04 2.231401e-04 2.810803e-04 -9.622380e-05 -3.955287e-03
2.476005e+06 8.347804e-01 5.972560e-06 1.723587e-01 2.389688e-05 -9.222610e-05 2.038849e-04 2.568445e-04 -8.795836e-05 -3.612427e-03
2.529301e+06 8.501080e-01 5.440260e-06 1.567303e-01 2.172996e-05 -8.386267e-05 1.854041e-04 2.335885e-04 -7.984977e-05 -3.283978e-03
2.583744e+06 8.647156e-01 4.932128e-06 1.418008e-01 1.965991e-05 -7.587410e-05 1.677418e-04 2.113120e-04 -7.223801e-05 -2.972929e-03
2.639360e+06 8.785616e-01 4.449616e-06 1.276136e-01 1.769290e-05 -6.828266e-05 1.509535e-04 1.901752e-04 -6.529511e-05 -2.675458e-03
2.696172e+06 8.916120e-01 3.993956e-06 1.142063e-01 1.583401e-05 -6.110878e-05 1.350919e-04 1.701734e-04 -5.830574e-05 -2.393079e-03
2.754208e+06 9.038416e-01 3.566174e-06 1.016096e-01 1.408747e-05 -5.436753e-05 1.201882e-04 1.514225e-04 -5.201339e-05 -2.128609e-03
2.813492e+06 9.152264e-01 3.166924e-06 8.984625e-02 1.245650e-05 -4.807318e-05 1.062806e-04 1.339082e-04 -4.563575e-05 -1.881513e-03
2.874053e+06 9.257576e-01 2.796632e-06 7.893169e-02 1.094323e-05 -4.223366e-05 9.336762e-05 1.176128e-04 -4.019721e-05 -1.654595e-03
2.935917e+06 9.354332e-01 2.455630e-06 6.887269e-02 9.548524e-06 -3.685116e-05 8.147005e-05 1.026238e-04 -3.510644e-05 -1.443732e-03
2.999113e+06 9.442548e-01 2.143670e-06 5.966756e-02 8.272465e-06 -3.192549e-05 7.057508e-05 8.893571e-05 -3.062535e-05 -1.249525e-03
3.063670e+06 9.522400e-01 1.860443e-06 5.130635e-02 7.113170e-06 -2.745131e-05 6.068798e-05 7.645849e-05 -2.590942e-05 -1.074152e-03
3.129615e+06 9.594108e-01 1.605306e-06 4.377074e-02 6.068319e-06 -2.341948e-05 5.177883e-05 6.523977e-05 -2.215729e-05 -9.164115e-04
3.196981e+06 9.657956e-01 1.377305e-06 3.703457e-02 5.134418e-06 -1.981543e-05 4.380749e-05 5.517929e-05 -1.884760e-05 -7.777421e-04
3.265796e+06 9.714320e-01 1.175323e-06 3.106468e-02 4.306757e-06 -1.662111e-05 3.674778e-05 4.629812e-05 -1.581760e-05 -6.513895e-04
3.336093e+06 9.763600e-01 9.979940e-07 2.582130e-02 3.579839e-06 -1.381568e-05 3.054459e-05 3.849825e-05 -1.330674e-05 -5.405583e-04
3.407902e+06 9.806248e-01 8.435448e-07 2.125936e-02 2.947387e-06 -1.137534e-05 2.514106e-05 3.166380e-05 -1.103514e-05 -4.449821e-04
3.481258e+06 9.842808e-01 7.107368e-07 1.732950e-02 2.402639e-06 -9.272455e-06 2.049234e-05 2.583144e-05 -9.119864e-06 -3.626736e-04
3.556192e+06 9.873812e-01 5.974528e-07 1.397903e-02 1.938074e-06 -7.479401e-06 1.653085e-05 2.083796e-05 -7.281915e-06 -2.916339e-04
3.632740e+06 9.899820e-01 5.019748e-07 1.115348e-02 1.546263e-06 -5.967334e-06 1.319238e-05 1.661637e-05 -5.645180e-06 -2.338939e-04
3.710935e+06 9.921380e-01 4.223456e-07 8.797595e-03 1.219746e-06 -4.706936e-06 1.040101e-05 1.312199e-05 -4.692507e-06 -1.828319e-04
3.790813e+06 9.939040e-01 3.567224e-07 6.856527e-03 9.505549e-07 -3.668254e-06 8.107193e-06 1.021666e-05 -3.678254e-06 -1.443892e-04
3.872411e+06 9.953316e-01 3.033483e-07 5.277086e-03 7.315868e-07 -2.823283e-06 6.239029e-06 7.864398e-06 -2.755937e-06 -1.095490e-04
3.955765e+06 9.964700e-01 2.604437e-07 4.008527e-03 5.557356e-07 -2.144921e-06 4.739639e-06 5.944368e-06 -1.977356e-06 -8.463345e-05
4.040913e+06 9.973668e-01 2.265283e-07 3.003416e-03 4.163006e-07 -1.606340e-06 3.552091e-06 4.489593e-06 -1.581555e-06 -6.245112e-05
4.127894e+06 9.980612e-01 1.999468e-07 2.218358e-03 3.075350e-07 -1.186241e-06 2.621079e-06 3.327232e-06 -1.208023e-06 -4.433842e-05
4.216748e+06 9.985912e-01 1.794364e-07 1.614205e-03 2.238169e-07 -8.638234e-07 1.904392e-06 2.404660e-06 -9.883668e-07 -3.330636e-05
4.307514e+06 9.989904e-01 1.640612e-07 1.156405e-03 1.602907e-07 -6.183718e-07 1.368284e-06 1.721398e-06 -5.178037e-07 -2.459720e-05
4.400233e+06 9.992852e-01 1.525151e-07 8.150700e-04 1.129313e-07 -4.365264e-07 9.657677e-07 1.179137e-06 -3.169722e-07 -1.839071e-05
4.494949e+06 9.995000e-01 1.440102e-07 5.647959e-04 7.840974e-08 -3.021713e-07 6.608873e-07 8.630248e-07 -5.557767e-07 -8.836034e-06
4.591703e+06 9.996540e-01 1.379740e-07 3.845215e-04 5.331291e-08 -2.057844e-07 4.546294e-07 5.605950e-07 -1.722936e-07 -9.350552e-06
4.690540e+06 9.997604e-01 1.336206e-07 2.570545e-04 3.564028e-08 -1.380001e-07 2.995992e-07 3.513971e-07 -2.362001e-07 -6.102020e-06
4.791505e+06 9.998320e-01 1.306406e-07 1.686091e-04 2.325640e-08 -9.032796e-08 2.038660e-07 2.529998e-07 2.539871e-08 -3.204875e-06
4.894642e+06 9.998812e-01 1.286297e-07 1.084144e-04 1.495107e-08 -5.724635e-08 1.305453e-07 1.878079e-07 6.444126e-08 -1.773644e-06
5.000000e+06 9.999208e-01 1.273164e-07 6.825899e-05 9.453133e-09 -3.593468e-08 7.934106e-08 1.166560e-07 -1.477698e-07 -2.626545e-06
