# In the file there is: z, J_T, J_y, J_mu, E_i (i=1-6)
# The first line contains the number of lines and the number of columns.
400 6
1.020000e+03 2.019516e-04 1.000486e+00 -1.676640e-04 2.827819e-05 -7.498066e-05 1.292514e-04 -1.383452e-04 1.045313e-03 -1.022135e-03
1.041956e+03 2.668338e-04 1.000474e+00 -2.235399e-04 3.698676e-05 -9.757400e-05 1.765287e-04 -2.154339e-04 1.171295e-03 -1.190419e-03
1.064384e+03 3.451606e-04 1.000460e+00 -2.914800e-04 4.774595e-05 -1.255909e-04 2.349660e-04 -3.112507e-04 1.325712e-03 -1.402256e-03
1.087295e+03 4.362292e-04 1.000443e+00 -3.707276e-04 6.048532e-05 -1.586758e-04 3.041175e-04 -4.246279e-04 1.507588e-03 -1.655181e-03
1.110699e+03 5.393372e-04 1.000424e+00 -4.605257e-04 7.513448e-05 -1.964721e-04 3.835400e-04 -5.544210e-04 1.715808e-03 -1.946309e-03
1.134607e+03 6.537816e-04 1.000402e+00 -5.601173e-04 9.162287e-05 -2.386240e-04 4.727904e-04 -6.994638e-04 1.949343e-03 -2.272947e-03
1.159029e+03 7.788596e-04 1.000378e+00 -6.687452e-04 1.098801e-04 -2.847751e-04 5.714215e-04 -8.586073e-04 2.207179e-03 -2.632293e-03
1.183978e+03 9.137340e-04 1.000352e+00 -7.855332e-04 1.298188e-04 -3.345175e-04 6.788919e-04 -1.030513e-03 2.487947e-03 -3.021386e-03
1.209463e+03 1.056254e-03 1.000324e+00 -9.084490e-04 1.511865e-04 -3.869336e-04 7.936889e-04 -1.212169e-03 2.787614e-03 -3.432937e-03
1.235497e+03 1.203527e-03 1.000294e+00 -1.034804e-03 1.736381e-04 -4.408191e-04 9.137501e-04 -1.399594e-03 3.100687e-03 -3.857989e-03
1.262091e+03 1.352651e-03 1.000264e+00 -1.161902e-03 1.968269e-04 -4.949656e-04 1.037008e-03 -1.588809e-03 3.421574e-03 -4.287133e-03
1.289258e+03 1.500213e-03 1.000232e+00 -1.286605e-03 2.203380e-04 -5.479838e-04 1.161021e-03 -1.775182e-03 3.743777e-03 -4.710117e-03
1.317009e+03 1.641318e-03 1.000201e+00 -1.404489e-03 2.435583e-04 -5.979581e-04 1.282264e-03 -1.952269e-03 4.057929e-03 -5.112677e-03
1.345358e+03 1.770806e-03 1.000170e+00 -1.510899e-03 2.658392e-04 -6.428789e-04 1.397016e-03 -2.113287e-03 4.354219e-03 -5.479827e-03
1.374317e+03 1.883566e-03 1.000142e+00 -1.601228e-03 2.865376e-04 -6.807566e-04 1.501591e-03 -2.251528e-03 4.622857e-03 -5.797029e-03
1.403899e+03 1.975651e-03 1.000117e+00 -1.671946e-03 3.051410e-04 -7.100689e-04 1.593081e-03 -2.361816e-03 4.856137e-03 -6.052631e-03
1.434118e+03 2.044268e-03 1.000095e+00 -1.720595e-03 3.212660e-04 -7.297577e-04 1.669349e-03 -2.440513e-03 5.048367e-03 -6.238462e-03
1.464988e+03 2.086672e-03 1.000077e+00 -1.744760e-03 3.345348e-04 -7.387848e-04 1.728293e-03 -2.484041e-03 5.193973e-03 -6.346444e-03
1.496522e+03 2.101011e-03 1.000063e+00 -1.742820e-03 3.446872e-04 -7.364510e-04 1.768468e-03 -2.489979e-03 5.289114e-03 -6.370986e-03
1.528735e+03 2.090300e-03 1.000052e+00 -1.717484e-03 3.521061e-04 -7.239169e-04 1.792045e-03 -2.462235e-03 5.339505e-03 -6.320629e-03
1.561641e+03 2.059219e-03 1.000045e+00 -1.672939e-03 3.573941e-04 -7.029777e-04 1.802427e-03 -2.406855e-03 5.354132e-03 -6.208986e-03
1.595255e+03 2.012444e-03 1.000039e+00 -1.613371e-03 3.611537e-04 -6.754268e-04 1.803014e-03 -2.329912e-03 5.341962e-03 -6.049149e-03
1.629593e+03 1.954322e-03 1.000034e+00 -1.542645e-03 3.639574e-04 -6.429201e-04 1.797017e-03 -2.237009e-03 5.311471e-03 -5.853977e-03
1.664670e+03 1.888621e-03 1.000030e+00 -1.464070e-03 3.663264e-04 -6.068721e-04 1.787308e-03 -2.133000e-03 5.270276e-03 -5.634263e-03
1.700503e+03 1.819052e-03 1.000026e+00 -1.380899e-03 3.687762e-04 -5.686730e-04 1.776727e-03 -2.022642e-03 5.225863e-03 -5.401337e-03
1.737106e+03 1.749137e-03 1.000020e+00 -1.296216e-03 3.717992e-04 -5.296399e-04 1.767976e-03 -1.910465e-03 5.185403e-03 -5.165064e-03
1.774498e+03 1.680327e-03 1.000014e+00 -1.211236e-03 3.756288e-04 -4.902848e-04 1.762281e-03 -1.798277e-03 5.152030e-03 -4.929866e-03
1.812694e+03 1.612792e-03 1.000006e+00 -1.126014e-03 3.803383e-04 -4.506212e-04 1.759945e-03 -1.686212e-03 5.126425e-03 -4.695873e-03
1.851712e+03 1.546680e-03 9.999960e-01 -1.040588e-03 3.859986e-04 -4.106549e-04 1.761261e-03 -1.574378e-03 5.109230e-03 -4.463205e-03
1.891571e+03 1.481958e-03 9.999852e-01 -9.548387e-04 3.926553e-04 -3.703231e-04 1.766380e-03 -1.462644e-03 5.100709e-03 -4.231652e-03
1.932287e+03 1.418008e-03 9.999728e-01 -8.681278e-04 4.002736e-04 -3.293421e-04 1.775002e-03 -1.350123e-03 5.100071e-03 -3.999365e-03
1.973879e+03 1.354096e-03 9.999588e-01 -7.797188e-04 4.088023e-04 -2.873841e-04 1.786743e-03 -1.235783e-03 5.106242e-03 -3.764169e-03
2.016367e+03 1.289498e-03 9.999440e-01 -6.888824e-04 4.181922e-04 -2.441263e-04 1.801222e-03 -1.118601e-03 5.118192e-03 -3.523982e-03
2.059770e+03 1.223829e-03 9.999272e-01 -5.951909e-04 4.284378e-04 -1.993744e-04 1.818309e-03 -9.979940e-04 5.135542e-03 -3.277609e-03
2.104107e+03 1.157065e-03 9.999096e-01 -4.985395e-04 4.395812e-04 -1.530737e-04 1.838142e-03 -8.738598e-04 5.158523e-03 -3.024653e-03
2.149398e+03 1.089202e-03 9.998900e-01 -3.988402e-04 4.516670e-04 -1.051767e-04 1.860874e-03 -7.461143e-04 5.187463e-03 -2.764813e-03
2.195664e+03 1.020237e-03 9.998692e-01 -2.960054e-04 4.647413e-04 -5.563581e-05 1.886660e-03 -6.146798e-04 5.222679e-03 -2.497771e-03
2.242926e+03 9.501876e-04 9.998468e-01 -1.899510e-04 4.788592e-04 -4.403098e-06 1.915697e-03 -4.794829e-04 5.264581e-03 -2.223612e-03
2.291205e+03 8.790776e-04 9.998224e-01 -8.059443e-05 4.940790e-04 4.856922e-05 1.948191e-03 -3.404540e-04 5.313644e-03 -1.942422e-03
2.340524e+03 8.069292e-04 9.997964e-01 3.214783e-05 5.104594e-04 1.033288e-04 1.984350e-03 -1.975236e-04 5.370331e-03 -1.654275e-03
2.390904e+03 7.337368e-04 9.997684e-01 1.483913e-04 5.280584e-04 1.599387e-04 2.024372e-03 -5.057432e-05 5.435042e-03 -1.359340e-03
2.442368e+03 6.594368e-04 9.997384e-01 2.683156e-04 5.469336e-04 2.184904e-04 2.068433e-03 1.005797e-04 5.508173e-03 -1.056977e-03
2.494940e+03 5.839608e-04 9.997064e-01 3.921071e-04 5.671422e-04 2.790786e-04 2.116709e-03 2.561387e-04 5.590098e-03 -7.467899e-04
2.548644e+03 5.072360e-04 9.996724e-01 5.199553e-04 5.887417e-04 3.417993e-04 2.169373e-03 4.163064e-04 5.681158e-03 -4.283570e-04
2.603504e+03 4.291596e-04 9.996360e-01 6.520873e-04 6.117903e-04 4.067655e-04 2.226592e-03 5.813433e-04 5.781706e-03 -1.011953e-04
2.659545e+03 3.496070e-04 9.995972e-01 7.887559e-04 6.363470e-04 4.741025e-04 2.288530e-03 7.515298e-04 5.891976e-03 2.352105e-04
2.716792e+03 2.684532e-04 9.995560e-01 9.302134e-04 6.624704e-04 5.439349e-04 2.355348e-03 9.271628e-04 6.012280e-03 5.812672e-04
2.775271e+03 1.855794e-04 9.995124e-01 1.076712e-03 6.902223e-04 6.163878e-04 2.427220e-03 1.108526e-03 6.142924e-03 9.374775e-04
2.835009e+03 1.008870e-04 9.994660e-01 1.228500e-03 7.196748e-04 6.915855e-04 2.504359e-03 1.295885e-03 6.284322e-03 1.304307e-03
2.896033e+03 1.428218e-05 9.994168e-01 1.385824e-03 7.509023e-04 7.696525e-04 2.586989e-03 1.489504e-03 6.436908e-03 1.682220e-03
2.958370e+03 -7.432932e-05 9.993648e-01 1.548933e-03 7.839794e-04 8.507134e-04 2.675332e-03 1.689647e-03 6.601119e-03 2.071681e-03
3.022050e+03 -1.650578e-04 9.993100e-01 1.718105e-03 8.189872e-04 9.349081e-04 2.769628e-03 1.896610e-03 6.777416e-03 2.473166e-03
3.087099e+03 -2.580328e-04 9.992520e-01 1.893657e-03 8.560150e-04 1.022394e-03 2.870136e-03 2.110733e-03 6.966289e-03 2.887165e-03
3.153550e+03 -3.533848e-04 9.991904e-01 2.075907e-03 8.951522e-04 1.113329e-03 2.977116e-03 2.332356e-03 7.168233e-03 3.314170e-03
3.221430e+03 -4.512500e-04 9.991256e-01 2.265181e-03 9.364898e-04 1.207877e-03 3.090831e-03 2.561828e-03 7.383741e-03 3.754705e-03
3.290772e+03 -5.518020e-04 9.990572e-01 2.461867e-03 9.801269e-04 1.306227e-03 3.211559e-03 2.799566e-03 7.613315e-03 4.209518e-03
3.361606e+03 -6.552300e-04 9.989852e-01 2.666373e-03 1.026166e-03 1.408581e-03 3.339583e-03 3.046010e-03 7.857473e-03 4.679459e-03
3.433965e+03 -7.617232e-04 9.989092e-01 2.879111e-03 1.074711e-03 1.515141e-03 3.475187e-03 3.301603e-03 8.116683e-03 5.165347e-03
3.507881e+03 -8.714808e-04 9.988292e-01 3.100512e-03 1.125869e-03 1.626118e-03 3.618668e-03 3.566806e-03 8.391506e-03 5.668002e-03
3.583389e+03 -9.847192e-04 9.987448e-01 3.331053e-03 1.179759e-03 1.741745e-03 3.770353e-03 3.842118e-03 8.682484e-03 6.188116e-03
3.660522e+03 -1.101659e-03 9.986560e-01 3.571213e-03 1.236504e-03 1.862255e-03 3.930572e-03 4.128048e-03 8.990223e-03 6.726401e-03
3.739315e+03 -1.222522e-03 9.985624e-01 3.821475e-03 1.296224e-03 1.987886e-03 4.099659e-03 4.425100e-03 9.315243e-03 7.283533e-03
3.819804e+03 -1.347545e-03 9.984640e-01 4.082368e-03 1.359053e-03 2.118893e-03 4.277977e-03 4.733817e-03 9.658154e-03 7.860345e-03
3.902026e+03 -1.476984e-03 9.983604e-01 4.354453e-03 1.425135e-03 2.255548e-03 4.465908e-03 5.054770e-03 1.001964e-02 8.457793e-03
3.986017e+03 -1.611090e-03 9.982516e-01 4.638288e-03 1.494611e-03 2.398122e-03 4.663838e-03 5.388528e-03 1.040032e-02 9.076799e-03
4.071817e+03 -1.750124e-03 9.981372e-01 4.934451e-03 1.567628e-03 2.546895e-03 4.872163e-03 5.735671e-03 1.080087e-02 9.718293e-03
4.159463e+03 -1.894370e-03 9.980172e-01 5.243578e-03 1.644350e-03 2.702171e-03 5.091315e-03 6.096822e-03 1.122196e-02 1.038316e-02
4.248996e+03 -2.044118e-03 9.978908e-01 5.566319e-03 1.724943e-03 2.864263e-03 5.321739e-03 6.472613e-03 1.166430e-02 1.107226e-02
4.340456e+03 -2.199660e-03 9.977584e-01 5.903327e-03 1.809574e-03 3.033484e-03 5.563878e-03 6.863677e-03 1.212859e-02 1.178647e-02
4.433885e+03 -2.361307e-03 9.976192e-01 6.255300e-03 1.898424e-03 3.210168e-03 5.818208e-03 7.270686e-03 1.261563e-02 1.252668e-02
4.529325e+03 -2.529392e-03 9.974728e-01 6.623002e-03 1.991692e-03 3.394677e-03 6.085249e-03 7.694348e-03 1.312618e-02 1.329376e-02
4.626819e+03 -2.704253e-03 9.973192e-01 7.007198e-03 2.089575e-03 3.587375e-03 6.365521e-03 8.135381e-03 1.366107e-02 1.408854e-02
4.726412e+03 -2.886226e-03 9.971580e-01 7.408665e-03 2.192277e-03 3.788627e-03 6.659556e-03 8.594498e-03 1.422110e-02 1.491193e-02
4.828148e+03 -3.075644e-03 9.969888e-01 7.828216e-03 2.300025e-03 3.998821e-03 6.967954e-03 9.072408e-03 1.480718e-02 1.576469e-02
4.932075e+03 -3.272843e-03 9.968112e-01 8.266702e-03 2.413061e-03 4.218355e-03 7.291351e-03 9.569819e-03 1.542025e-02 1.664762e-02
5.038238e+03 -3.478157e-03 9.966252e-01 8.724961e-03 2.531625e-03 4.447626e-03 7.630381e-03 1.008744e-02 1.606122e-02 1.756146e-02
5.146687e+03 -3.691902e-03 9.964296e-01 9.203969e-03 2.656029e-03 4.687094e-03 7.985916e-03 1.062604e-02 1.673153e-02 1.850697e-02
5.257470e+03 -3.914355e-03 9.962236e-01 9.704954e-03 2.786754e-03 4.937363e-03 8.359377e-03 1.118656e-02 1.743365e-02 1.948475e-02
5.370638e+03 -4.145788e-03 9.960072e-01 1.022920e-02 2.924303e-03 5.199060e-03 8.752260e-03 1.176995e-02 1.817030e-02 2.049540e-02
5.486241e+03 -4.386516e-03 9.957792e-01 1.077804e-02 3.069186e-03 5.472835e-03 9.166057e-03 1.237724e-02 1.894411e-02 2.153969e-02
5.604333e+03 -4.637592e-03 9.955384e-01 1.135377e-02 3.221962e-03 5.759758e-03 9.602186e-03 1.301052e-02 1.975710e-02 2.262027e-02
5.724967e+03 -4.900656e-03 9.952840e-01 1.195941e-02 3.383238e-03 6.061238e-03 1.006200e-02 1.367275e-02 2.061082e-02 2.374137e-02
5.848198e+03 -5.177380e-03 9.950148e-01 1.259804e-02 3.553620e-03 6.378696e-03 1.054685e-02 1.436693e-02 2.150681e-02 2.490729e-02
5.974081e+03 -5.469316e-03 9.947304e-01 1.327248e-02 3.733648e-03 6.713426e-03 1.105789e-02 1.509575e-02 2.244621e-02 2.612180e-02
6.102674e+03 -5.777596e-03 9.944300e-01 1.398453e-02 3.923576e-03 7.066180e-03 1.159537e-02 1.586061e-02 2.342821e-02 2.738601e-02
6.234034e+03 -6.103212e-03 9.941132e-01 1.473567e-02 4.123575e-03 7.437563e-03 1.215932e-02 1.666255e-02 2.445153e-02 2.870040e-02
6.368223e+03 -6.447168e-03 9.937800e-01 1.552740e-02 4.333821e-03 7.828177e-03 1.274974e-02 1.750261e-02 2.551496e-02 3.006545e-02
6.505299e+03 -6.810032e-03 9.934296e-01 1.636084e-02 4.554533e-03 8.238440e-03 1.336690e-02 1.838118e-02 2.661782e-02 3.148011e-02
6.645327e+03 -7.191776e-03 9.930616e-01 1.723653e-02 4.785991e-03 8.668516e-03 1.401139e-02 1.929771e-02 2.776009e-02 3.294107e-02
6.788368e+03 -7.592336e-03 9.926752e-01 1.815498e-02 5.028485e-03 9.118546e-03 1.468384e-02 2.025160e-02 2.894206e-02 3.444509e-02
6.934488e+03 -8.011700e-03 9.922708e-01 1.911680e-02 5.282314e-03 9.588714e-03 1.538488e-02 2.124231e-02 3.016382e-02 3.598880e-02
7.083754e+03 -8.450328e-03 9.918464e-01 2.012338e-02 5.547909e-03 1.007955e-02 1.611536e-02 2.227002e-02 3.142547e-02 3.756972e-02
7.236233e+03 -8.908936e-03 9.914020e-01 2.117655e-02 5.825760e-03 1.059176e-02 1.687620e-02 2.333525e-02 3.272714e-02 3.918593e-02
7.391993e+03 -9.388232e-03 9.909364e-01 2.227809e-02 6.116362e-03 1.112605e-02 1.766834e-02 2.443850e-02 3.406886e-02 4.083528e-02
7.551107e+03 -9.889004e-03 9.904488e-01 2.342996e-02 6.420228e-03 1.168317e-02 1.849272e-02 2.558031e-02 3.545057e-02 4.251566e-02
7.713645e+03 -1.041222e-02 9.899384e-01 2.463444e-02 6.737930e-03 1.226398e-02 1.935028e-02 2.676124e-02 3.687176e-02 4.422435e-02
7.879682e+03 -1.095888e-02 9.894036e-01 2.589384e-02 7.070050e-03 1.286936e-02 2.024195e-02 2.798184e-02 3.833182e-02 4.595866e-02
8.049293e+03 -1.153000e-02 9.888432e-01 2.721051e-02 7.417169e-03 1.350019e-02 2.116869e-02 2.924266e-02 3.983018e-02 4.771589e-02
8.222555e+03 -1.212665e-02 9.882568e-01 2.858700e-02 7.779913e-03 1.415738e-02 2.213140e-02 3.054409e-02 4.136573e-02 4.949229e-02
8.399547e+03 -1.275002e-02 9.876428e-01 3.002601e-02 8.158947e-03 1.484190e-02 2.313101e-02 3.188639e-02 4.293709e-02 5.128358e-02
8.580348e+03 -1.340126e-02 9.869996e-01 3.153027e-02 8.554935e-03 1.555471e-02 2.416840e-02 3.326979e-02 4.454280e-02 5.308535e-02
8.765041e+03 -1.408160e-02 9.863264e-01 3.310256e-02 8.968556e-03 1.629677e-02 2.524447e-02 3.469449e-02 4.618127e-02 5.489282e-02
8.953709e+03 -1.479233e-02 9.856216e-01 3.474595e-02 9.400543e-03 1.706909e-02 2.636001e-02 3.616028e-02 4.785009e-02 5.670010e-02
9.146439e+03 -1.553482e-02 9.848836e-01 3.646358e-02 9.851650e-03 1.787269e-02 2.751582e-02 3.766689e-02 4.954658e-02 5.850075e-02
9.343317e+03 -1.631041e-02 9.841108e-01 3.825860e-02 1.032263e-02 1.870857e-02 2.871265e-02 3.921402e-02 5.126809e-02 6.028831e-02
9.544433e+03 -1.712054e-02 9.833024e-01 4.013433e-02 1.081427e-02 1.957777e-02 2.995121e-02 4.080111e-02 5.301137e-02 6.205535e-02
9.749878e+03 -1.796676e-02 9.824556e-01 4.209436e-02 1.132741e-02 2.048133e-02 3.123206e-02 4.242713e-02 5.477222e-02 6.379281e-02
9.959745e+03 -1.885060e-02 9.815696e-01 4.414231e-02 1.186290e-02 2.142028e-02 3.255572e-02 4.409101e-02 5.654638e-02 6.549166e-02
1.017413e+04 -1.977365e-02 9.806424e-01 4.628185e-02 1.242159e-02 2.239567e-02 3.392273e-02 4.579163e-02 5.832945e-02 6.714241e-02
1.039313e+04 -2.073760e-02 9.796716e-01 4.851693e-02 1.300438e-02 2.340853e-02 3.533338e-02 4.752719e-02 6.011579e-02 6.873409e-02
1.061684e+04 -2.174423e-02 9.786556e-01 5.085171e-02 1.361221e-02 2.445989e-02 3.678782e-02 4.929555e-02 6.189904e-02 7.025450e-02
1.084537e+04 -2.279533e-02 9.775928e-01 5.329032e-02 1.424603e-02 2.555076e-02 3.828622e-02 5.109454e-02 6.367284e-02 7.169144e-02
1.107882e+04 -2.389272e-02 9.764800e-01 5.583707e-02 1.490680e-02 2.668214e-02 3.982859e-02 5.292166e-02 6.543021e-02 7.303206e-02
1.131729e+04 -2.503840e-02 9.753156e-01 5.849660e-02 1.559554e-02 2.785500e-02 4.141457e-02 5.477345e-02 6.716260e-02 7.426134e-02
1.156090e+04 -2.623440e-02 9.740972e-01 6.127366e-02 1.631328e-02 2.907027e-02 4.304374e-02 5.664626e-02 6.886107e-02 7.536370e-02
1.180975e+04 -2.748274e-02 9.728224e-01 6.417300e-02 1.706105e-02 3.032887e-02 4.471564e-02 5.853643e-02 7.051665e-02 7.632359e-02
1.206395e+04 -2.878558e-02 9.714884e-01 6.719968e-02 1.783994e-02 3.163166e-02 4.642941e-02 6.043933e-02 7.211884e-02 7.712407e-02
1.232363e+04 -3.014520e-02 9.700928e-01 7.035904e-02 1.865106e-02 3.297940e-02 4.818378e-02 6.234944e-02 7.365581e-02 7.774628e-02
1.258890e+04 -3.156390e-02 9.686328e-01 7.365646e-02 1.949552e-02 3.437284e-02 4.997747e-02 6.426118e-02 7.511560e-02 7.817188e-02
1.285988e+04 -3.304400e-02 9.671048e-01 7.709743e-02 2.037446e-02 3.581269e-02 5.180906e-02 6.616869e-02 7.648589e-02 7.838181e-02
1.313669e+04 -3.458800e-02 9.655068e-01 8.068779e-02 2.128903e-02 3.729948e-02 5.367632e-02 6.806451e-02 7.775218e-02 7.835548e-02
1.341946e+04 -3.619848e-02 9.638348e-01 8.443362e-02 2.224044e-02 3.883362e-02 5.557680e-02 6.994066e-02 7.889926e-02 7.807210e-02
1.370831e+04 -3.787799e-02 9.620860e-01 8.834104e-02 2.322986e-02 4.041557e-02 5.750801e-02 7.178913e-02 7.991186e-02 7.751066e-02
1.400338e+04 -3.962920e-02 9.602568e-01 9.241627e-02 2.425849e-02 4.204559e-02 5.946694e-02 7.360092e-02 8.077369e-02 7.664999e-02
1.430481e+04 -4.145496e-02 9.583436e-01 9.666602e-02 2.532755e-02 4.372363e-02 6.144961e-02 7.536530e-02 8.146652e-02 7.546880e-02
1.461272e+04 -4.335808e-02 9.563428e-01 1.010971e-01 2.643826e-02 4.544965e-02 6.345197e-02 7.707140e-02 8.197192e-02 7.394562e-02
1.492726e+04 -4.534148e-02 9.542500e-01 1.057163e-01 2.759184e-02 4.722355e-02 6.546986e-02 7.870815e-02 8.227131e-02 7.205921e-02
1.524857e+04 -4.740816e-02 9.520616e-01 1.105308e-01 2.878951e-02 4.904478e-02 6.749790e-02 8.026258e-02 8.234475e-02 6.979028e-02
1.557680e+04 -4.956120e-02 9.497736e-01 1.155481e-01 3.003247e-02 5.091256e-02 6.953001e-02 8.172055e-02 8.217134e-02 6.712034e-02
1.591209e+04 -5.180376e-02 9.473808e-01 1.207757e-01 3.132194e-02 5.282609e-02 7.156009e-02 8.306793e-02 8.173025e-02 6.403099e-02
1.625460e+04 -5.413900e-02 9.448796e-01 1.262211e-01 3.265910e-02 5.478434e-02 7.358149e-02 8.428986e-02 8.100041e-02 6.050565e-02
1.660448e+04 -5.657020e-02 9.422648e-01 1.318924e-01 3.404510e-02 5.678563e-02 7.558591e-02 8.536930e-02 7.996038e-02 5.653322e-02
1.696190e+04 -5.910076e-02 9.395312e-01 1.377977e-01 3.548105e-02 5.882811e-02 7.756472e-02 8.628878e-02 7.858855e-02 5.210368e-02
1.732700e+04 -6.173400e-02 9.366744e-01 1.439452e-01 3.696809e-02 6.090993e-02 7.950924e-02 8.703074e-02 7.686341e-02 4.720734e-02
1.769997e+04 -6.447336e-02 9.336888e-01 1.503432e-01 3.850723e-02 6.302857e-02 8.140941e-02 8.757632e-02 7.476456e-02 4.184186e-02
1.808096e+04 -6.732232e-02 9.305688e-01 1.570004e-01 4.009944e-02 6.518082e-02 8.325367e-02 8.790523e-02 7.227296e-02 3.601274e-02
1.847016e+04 -7.028440e-02 9.273088e-01 1.639254e-01 4.174563e-02 6.736344e-02 8.503044e-02 8.799711e-02 6.936957e-02 2.972596e-02
1.886773e+04 -7.336308e-02 9.239032e-01 1.711269e-01 4.344672e-02 6.957298e-02 8.672774e-02 8.783142e-02 6.603617e-02 2.298992e-02
1.927386e+04 -7.656192e-02 9.203464e-01 1.786139e-01 4.520339e-02 7.180485e-02 8.833150e-02 8.738658e-02 6.225932e-02 1.582895e-02
1.968873e+04 -7.988440e-02 9.166312e-01 1.863954e-01 4.701626e-02 7.405400e-02 8.982691e-02 8.664062e-02 5.802737e-02 8.273137e-03
2.011253e+04 -8.333404e-02 9.127520e-01 1.944802e-01 4.888594e-02 7.631538e-02 9.119913e-02 8.557156e-02 5.332864e-02 3.527159e-04
2.054546e+04 -8.691440e-02 9.087020e-01 2.028776e-01 5.081287e-02 7.858319e-02 9.243222e-02 8.415779e-02 4.815648e-02 -7.890994e-03
2.098770e+04 -9.062872e-02 9.044748e-01 2.115963e-01 5.279718e-02 8.085019e-02 9.350827e-02 8.237835e-02 4.251339e-02 -1.639551e-02
2.143946e+04 -9.448040e-02 9.000636e-01 2.206454e-01 5.483892e-02 8.310898e-02 9.440911e-02 8.021235e-02 3.640297e-02 -2.509673e-02
2.190095e+04 -9.847280e-02 8.954608e-01 2.300339e-01 5.693819e-02 8.535214e-02 9.511656e-02 7.763894e-02 2.982898e-02 -3.392911e-02
2.237237e+04 -1.026090e-01 8.906600e-01 2.397704e-01 5.909471e-02 8.757104e-02 9.561136e-02 7.463970e-02 2.280552e-02 -4.281124e-02
2.285394e+04 -1.068918e-01 8.856532e-01 2.498635e-01 6.130777e-02 8.975549e-02 9.587274e-02 7.119943e-02 1.536058e-02 -5.163912e-02
2.334587e+04 -1.113240e-01 8.804340e-01 2.603213e-01 6.357663e-02 9.189518e-02 9.587985e-02 6.730319e-02 7.523076e-03 -6.030769e-02
2.384840e+04 -1.159085e-01 8.749944e-01 2.711524e-01 6.590053e-02 9.397971e-02 9.561183e-02 6.293630e-02 -6.772748e-04 -6.871063e-02
2.436173e+04 -1.206475e-01 8.693268e-01 2.823642e-01 6.827814e-02 9.599716e-02 9.504743e-02 5.809045e-02 -9.194060e-03 -7.672571e-02
2.488612e+04 -1.255428e-01 8.634244e-01 2.939639e-01 7.070761e-02 9.793408e-02 9.416507e-02 5.276345e-02 -1.796456e-02 -8.421466e-02
2.542180e+04 -1.305962e-01 8.572792e-01 3.059582e-01 7.318707e-02 9.977698e-02 9.294317e-02 4.695341e-02 -2.692543e-02 -9.103965e-02
2.596901e+04 -1.358095e-01 8.508840e-01 3.183540e-01 7.571456e-02 1.015122e-01 9.136023e-02 4.065934e-02 -3.601168e-02 -9.706147e-02
2.652799e+04 -1.411833e-01 8.442308e-01 3.311565e-01 7.828732e-02 1.031245e-01 8.939632e-02 3.389246e-02 -4.513668e-02 -1.021383e-01
2.709901e+04 -1.467180e-01 8.373136e-01 3.443702e-01 8.090200e-02 1.045972e-01 8.703256e-02 2.667251e-02 -5.419890e-02 -1.061267e-01
2.768232e+04 -1.524135e-01 8.301244e-01 3.579994e-01 8.355525e-02 1.059137e-01 8.425009e-02 1.901938e-02 -6.309636e-02 -1.088828e-01
2.827819e+04 -1.582698e-01 8.226560e-01 3.720478e-01 8.624357e-02 1.070574e-01 8.103064e-02 1.095522e-02 -7.172500e-02 -1.102664e-01
2.888688e+04 -1.642854e-01 8.149028e-01 3.865173e-01 8.896235e-02 1.080099e-01 7.736091e-02 2.520896e-03 -7.996147e-02 -1.101672e-01
2.950867e+04 -1.704580e-01 8.068584e-01 4.014079e-01 9.170645e-02 1.087525e-01 7.323005e-02 -6.233356e-03 -8.767318e-02 -1.084894e-01
3.014385e+04 -1.767852e-01 7.985168e-01 4.167198e-01 9.447068e-02 1.092662e-01 6.862725e-02 -1.525725e-02 -9.472732e-02 -1.051374e-01
3.079270e+04 -1.832643e-01 7.898716e-01 4.324528e-01 9.724966e-02 1.095320e-01 6.354340e-02 -2.449643e-02 -1.009906e-01 -1.000300e-01
3.145551e+04 -1.898904e-01 7.809196e-01 4.486026e-01 1.000367e-01 1.095305e-01 5.797912e-02 -3.387362e-02 -1.063269e-01 -9.316282e-02
3.213260e+04 -1.966579e-01 7.716560e-01 4.651638e-01 1.028245e-01 1.092422e-01 5.193844e-02 -4.330351e-02 -1.105991e-01 -8.455966e-02
3.282425e+04 -2.035610e-01 7.620768e-01 4.821308e-01 1.056060e-01 1.086476e-01 4.542538e-02 -5.270079e-02 -1.136701e-01 -7.424435e-02
3.353080e+04 -2.105935e-01 7.521792e-01 4.994971e-01 1.083736e-01 1.077275e-01 3.844776e-02 -6.197488e-02 -1.154103e-01 -6.227111e-02
3.425255e+04 -2.177460e-01 7.419620e-01 5.172509e-01 1.111185e-01 1.064643e-01 3.102806e-02 -7.101497e-02 -1.157191e-01 -4.881305e-02
3.498984e+04 -2.250089e-01 7.314240e-01 5.353794e-01 1.138315e-01 1.048407e-01 2.319233e-02 -7.970530e-02 -1.145029e-01 -3.407230e-02
3.574300e+04 -2.323721e-01 7.205652e-01 5.538697e-01 1.165033e-01 1.028394e-01 1.496660e-02 -8.793014e-02 -1.116681e-01 -1.825069e-02
3.651238e+04 -2.398246e-01 7.093860e-01 5.727068e-01 1.191243e-01 1.004447e-01 6.383483e-03 -9.557101e-02 -1.071464e-01 -1.592974e-03
3.729831e+04 -2.473524e-01 6.978900e-01 5.918702e-01 1.216840e-01 9.764475e-02 -2.506784e-03 -1.025021e-01 -1.009369e-01 1.554155e-02
3.810116e+04 -2.549408e-01 6.860808e-01 6.113384e-01 1.241715e-01 9.442857e-02 -1.165106e-02 -1.085965e-01 -9.304990e-02 3.277469e-02
3.892129e+04 -2.625752e-01 6.739628e-01 6.310899e-01 1.265760e-01 9.078510e-02 -2.099611e-02 -1.137271e-01 -8.349605e-02 4.972790e-02
3.975908e+04 -2.702392e-01 6.615412e-01 6.511000e-01 1.288863e-01 8.670675e-02 -3.048009e-02 -1.177748e-01 -7.233464e-02 6.600131e-02
4.061490e+04 -2.779136e-01 6.488260e-01 6.713385e-01 1.310909e-01 8.219249e-02 -4.002484e-02 -1.206350e-01 -5.971679e-02 8.115405e-02
4.148914e+04 -2.855787e-01 6.358260e-01 6.917744e-01 1.331781e-01 7.724202e-02 -4.955037e-02 -1.222047e-01 -4.580377e-02 9.474129e-02
4.238219e+04 -2.932150e-01 6.225512e-01 7.123767e-01 1.351363e-01 7.185516e-02 -5.897653e-02 -1.223817e-01 -3.075827e-02 1.063193e-01
4.329448e+04 -3.008011e-01 6.090140e-01 7.331106e-01 1.369540e-01 6.603772e-02 -6.821600e-02 -1.210913e-01 -1.480261e-02 1.155026e-01
4.422639e+04 -3.083134e-01 5.952292e-01 7.539379e-01 1.386202e-01 5.980362e-02 -7.717172e-02 -1.182971e-01 1.760271e-03 1.219866e-01
4.517837e+04 -3.157280e-01 5.812132e-01 7.748187e-01 1.401237e-01 5.316734e-02 -8.574593e-02 -1.139650e-01 1.862143e-02 1.254709e-01
4.615084e+04 -3.230213e-01 5.669820e-01 7.957131e-01 1.414535e-01 4.614374e-02 -9.384091e-02 -1.080634e-01 3.547086e-02 1.256643e-01
4.714424e+04 -3.301681e-01 5.525536e-01 8.165789e-01 1.425995e-01 3.875576e-02 -1.013595e-01 -1.006123e-01 5.196691e-02 1.224522e-01
4.815903e+04 -3.371422e-01 5.379504e-01 8.373697e-01 1.435530e-01 3.103428e-02 -1.082051e-01 -9.168210e-02 6.773750e-02 1.158930e-01
4.919566e+04 -3.439171e-01 5.231936e-01 8.580407e-01 1.443049e-01 2.301050e-02 -1.142812e-01 -8.134539e-02 8.240922e-02 1.060526e-01
5.025460e+04 -3.504666e-01 5.083048e-01 8.785460e-01 1.448466e-01 1.471625e-02 -1.194923e-01 -6.967954e-02 9.561232e-02 9.301550e-02
5.133633e+04 -3.567644e-01 4.933084e-01 8.988380e-01 1.451715e-01 6.191775e-03 -1.237579e-01 -5.682528e-02 1.070249e-01 7.710642e-02
5.244135e+04 -3.627840e-01 4.782308e-01 9.188680e-01 1.452745e-01 -2.516736e-03 -1.270083e-01 -4.296807e-02 1.163590e-01 5.881974e-02
5.357016e+04 -3.684992e-01 4.630976e-01 9.385874e-01 1.451508e-01 -1.136298e-02 -1.291737e-01 -2.829431e-02 1.233272e-01 3.865409e-02
5.472326e+04 -3.738836e-01 4.479356e-01 9.579486e-01 1.447958e-01 -2.030002e-02 -1.301882e-01 -1.299575e-02 1.276596e-01 1.712462e-02
5.590119e+04 -3.789136e-01 4.327720e-01 9.769058e-01 1.442080e-01 -2.927543e-02 -1.300180e-01 2.690402e-03 1.292334e-01 -5.110754e-03
5.710447e+04 -3.835665e-01 4.176356e-01 9.954140e-01 1.433881e-01 -3.823406e-02 -1.286453e-01 1.850399e-02 1.279999e-01 -2.732136e-02
5.833365e+04 -3.878194e-01 4.025544e-01 1.013428e+00 1.423363e-01 -4.712073e-02 -1.260525e-01 3.418471e-02 1.239112e-01 -4.877621e-02
5.958929e+04 -3.916503e-01 3.875566e-01 1.030904e+00 1.410537e-01 -5.588028e-02 -1.222294e-01 4.947300e-02 1.169533e-01 -6.876278e-02
6.087195e+04 -3.950411e-01 3.726699e-01 1.047802e+00 1.395451e-01 -6.445784e-02 -1.172078e-01 6.411362e-02 1.073060e-01 -8.667340e-02
6.218223e+04 -3.979750e-01 3.579217e-01 1.064085e+00 1.378164e-01 -7.279863e-02 -1.110344e-01 7.785290e-02 9.521821e-02 -1.019376e-01
6.352071e+04 -4.004352e-01 3.433392e-01 1.079714e+00 1.358735e-01 -8.084785e-02 -1.037561e-01 9.043714e-02 8.093870e-02 -1.139848e-01
6.488800e+04 -4.024068e-01 3.289490e-01 1.094655e+00 1.337234e-01 -8.855267e-02 -9.542961e-02 1.016293e-01 6.475136e-02 -1.223293e-01
6.628472e+04 -4.038804e-01 3.147755e-01 1.108879e+00 1.313765e-01 -9.586791e-02 -8.615055e-02 1.112576e-01 4.707742e-02 -1.268173e-01
6.771151e+04 -4.048492e-01 3.008423e-01 1.122364e+00 1.288441e-01 -1.027503e-01 -7.602405e-02 1.191663e-01 2.837195e-02 -1.273754e-01
6.916900e+04 -4.053056e-01 2.871730e-01 1.135085e+00 1.261373e-01 -1.091564e-01 -6.515528e-02 1.251995e-01 9.089761e-03 -1.239316e-01
7.065787e+04 -4.052444e-01 2.737898e-01 1.147021e+00 1.232684e-01 -1.150479e-01 -5.365697e-02 1.292383e-01 -1.031367e-02 -1.165389e-01
7.217879e+04 -4.046668e-01 2.607108e-01 1.158162e+00 1.202516e-01 -1.203986e-01 -4.166234e-02 1.312629e-01 -2.938175e-02 -1.055951e-01
7.373245e+04 -4.035748e-01 2.479532e-01 1.168496e+00 1.171015e-01 -1.251850e-01 -2.930808e-02 1.312704e-01 -4.765756e-02 -9.155347e-02
7.531955e+04 -4.019708e-01 2.355345e-01 1.178014e+00 1.138327e-01 -1.293834e-01 -1.673085e-02 1.292582e-01 -6.468491e-02 -7.486931e-02
7.694081e+04 -3.998601e-01 2.234695e-01 1.186710e+00 1.104604e-01 -1.329775e-01 -4.065781e-03 1.252703e-01 -8.006997e-02 -5.607241e-02
7.859697e+04 -3.972533e-01 2.117688e-01 1.194590e+00 1.070003e-01 -1.359655e-01 8.554896e-03 1.194393e-01 -9.353807e-02 -3.583687e-02
8.028878e+04 -3.941624e-01 2.004422e-01 1.201657e+00 1.034683e-01 -1.383469e-01 2.099930e-02 1.119080e-01 -1.048282e-01 -1.485167e-02
8.201700e+04 -3.905990e-01 1.894999e-01 1.207919e+00 9.988046e-02 -1.401216e-01 3.313590e-02 1.028200e-01 -1.136819e-01 6.194301e-03
8.378243e+04 -3.865780e-01 1.789486e-01 1.213385e+00 9.625219e-02 -1.412978e-01 4.484809e-02 9.235107e-02 -1.199514e-01 2.667498e-02
8.558585e+04 -3.821178e-01 1.687911e-01 1.218074e+00 9.259841e-02 -1.418953e-01 5.603974e-02 8.072152e-02 -1.236409e-01 4.604927e-02
8.742810e+04 -3.772378e-01 1.590301e-01 1.222003e+00 8.893398e-02 -1.419344e-01 6.661620e-02 6.815483e-02 -1.247655e-01 6.378105e-02
8.931000e+04 -3.719569e-01 1.496680e-01 1.225191e+00 8.527370e-02 -1.414361e-01 7.648396e-02 5.487439e-02 -1.233450e-01 7.934389e-02
9.123241e+04 -3.662966e-01 1.407040e-01 1.227661e+00 8.163101e-02 -1.404279e-01 8.557539e-02 4.110161e-02 -1.195019e-01 9.239157e-02
9.319619e+04 -3.602806e-01 1.321344e-01 1.229440e+00 7.801800e-02 -1.389439e-01 9.384839e-02 2.705597e-02 -1.134608e-01 1.027584e-01
9.520225e+04 -3.539326e-01 1.239556e-01 1.230555e+00 7.444673e-02 -1.370186e-01 1.012620e-01 1.295684e-02 -1.054505e-01 1.102857e-01
9.725149e+04 -3.472763e-01 1.161632e-01 1.231035e+00 7.092906e-02 -1.346865e-01 1.077772e-01 -9.792437e-04 -9.570275e-02 1.148294e-01
9.934484e+04 -3.403368e-01 1.087509e-01 1.230909e+00 6.747481e-02 -1.319851e-01 1.133835e-01 -1.457336e-02 -8.449029e-02 1.164352e-01
1.014832e+05 -3.331395e-01 1.017102e-01 1.230211e+00 6.409229e-02 -1.289539e-01 1.180903e-01 -2.767344e-02 -7.211493e-02 1.152856e-01
1.036677e+05 -3.257101e-01 9.503264e-02 1.228973e+00 6.078979e-02 -1.256323e-01 1.219075e-01 -4.012798e-02 -5.887896e-02 1.115645e-01
1.058991e+05 -3.180741e-01 8.870956e-02 1.227228e+00 5.757533e-02 -1.220597e-01 1.248475e-01 -5.179195e-02 -4.508106e-02 1.054677e-01
1.081786e+05 -3.102567e-01 8.273056e-02 1.225008e+00 5.445453e-02 -1.182736e-01 1.269442e-01 -6.257560e-02 -3.098738e-02 9.728684e-02
1.105072e+05 -3.022828e-01 7.708440e-02 1.222348e+00 5.143182e-02 -1.143108e-01 1.282422e-01 -7.241734e-02 -1.684765e-02 8.736105e-02
1.128859e+05 -2.941773e-01 7.175976e-02 1.219283e+00 4.851159e-02 -1.102081e-01 1.287864e-01 -8.125584e-02 -2.911290e-03 7.603074e-02
1.153158e+05 -2.859648e-01 6.674532e-02 1.215844e+00 4.569789e-02 -1.060013e-01 1.286233e-01 -8.903832e-02 1.058493e-02 6.363247e-02
1.177979e+05 -2.776683e-01 6.202888e-02 1.212066e+00 4.299259e-02 -1.017212e-01 1.278087e-01 -9.576142e-02 2.347822e-02 5.048377e-02
1.203336e+05 -2.693102e-01 5.759816e-02 1.207979e+00 4.039677e-02 -9.739688e-02 1.264022e-01 -1.014395e-01 3.563233e-02 3.689442e-02
1.229237e+05 -2.609130e-01 5.344072e-02 1.203616e+00 3.791154e-02 -9.305741e-02 1.244631e-01 -1.060870e-01 4.691095e-02 2.317512e-02
1.255697e+05 -2.524982e-01 4.954432e-02 1.199009e+00 3.553756e-02 -8.873019e-02 1.220505e-01 -1.097257e-01 5.719628e-02 9.614262e-03
1.282726e+05 -2.440852e-01 4.589668e-02 1.194185e+00 3.327389e-02 -8.443631e-02 1.192223e-01 -1.124070e-01 6.644318e-02 -3.581922e-03
1.310337e+05 -2.356928e-01 4.248564e-02 1.189174e+00 3.111917e-02 -8.019526e-02 1.160357e-01 -1.141894e-01 7.462466e-02 -1.622817e-02
1.338542e+05 -2.273396e-01 3.929898e-02 1.184004e+00 2.907203e-02 -7.602656e-02 1.125484e-01 -1.151318e-01 8.171377e-02 -2.813923e-02
1.367354e+05 -2.190431e-01 3.632481e-02 1.178702e+00 2.713076e-02 -7.194760e-02 1.088149e-01 -1.152958e-01 8.770034e-02 -3.916108e-02
1.396787e+05 -2.108185e-01 3.355188e-02 1.173291e+00 2.529266e-02 -6.796999e-02 1.048825e-01 -1.147522e-01 9.262063e-02 -4.922354e-02
1.426853e+05 -2.026802e-01 3.096905e-02 1.167794e+00 2.355488e-02 -6.410437e-02 1.007970e-01 -1.135730e-01 9.651874e-02 -5.827143e-02
1.457566e+05 -1.946427e-01 2.856521e-02 1.162236e+00 2.191456e-02 -6.036137e-02 9.660417e-02 -1.118305e-01 9.943887e-02 -6.624892e-02
1.488940e+05 -1.867192e-01 2.632971e-02 1.156638e+00 2.036863e-02 -5.674941e-02 9.234527e-02 -1.095946e-01 1.014345e-01 -7.312892e-02
1.520990e+05 -1.789204e-01 2.425284e-02 1.151018e+00 1.891357e-02 -5.327270e-02 8.805262e-02 -1.069309e-01 1.025772e-01 -7.893754e-02
1.553729e+05 -1.712568e-01 2.232495e-02 1.145395e+00 1.754583e-02 -4.993498e-02 8.375750e-02 -1.039048e-01 1.029406e-01 -8.370647e-02
1.587173e+05 -1.637387e-01 2.053645e-02 1.139786e+00 1.626188e-02 -4.673992e-02 7.949108e-02 -1.005813e-01 1.025983e-01 -8.746825e-02
1.621337e+05 -1.563749e-01 1.887838e-02 1.134208e+00 1.505809e-02 -4.368937e-02 7.527921e-02 -9.701922e-02 1.016239e-01 -9.027125e-02
1.656237e+05 -1.491722e-01 1.734268e-02 1.128675e+00 1.393083e-02 -4.078258e-02 7.114038e-02 -9.326816e-02 1.000909e-01 -9.218492e-02
1.691888e+05 -1.421373e-01 1.592137e-02 1.123198e+00 1.287641e-02 -3.801863e-02 6.709254e-02 -8.937724e-02 9.807289e-02 -9.328042e-02
1.728306e+05 -1.352766e-01 1.460648e-02 1.117792e+00 1.189117e-02 -3.539654e-02 6.315342e-02 -8.539518e-02 9.564290e-02 -9.362903e-02
1.765508e+05 -1.285952e-01 1.339084e-02 1.112467e+00 1.097159e-02 -3.291409e-02 5.933591e-02 -8.136245e-02 9.286719e-02 -9.330416e-02
1.803510e+05 -1.220968e-01 1.226799e-02 1.107233e+00 1.011426e-02 -3.056782e-02 5.564811e-02 -7.731123e-02 8.980491e-02 -9.238139e-02
1.842331e+05 -1.157848e-01 1.123154e-02 1.102099e+00 9.315783e-03 -2.835420e-02 5.209787e-02 -7.327338e-02 8.651484e-02 -9.093648e-02
1.881988e+05 -1.096628e-01 1.027514e-02 1.097077e+00 8.572769e-03 -2.626967e-02 4.869280e-02 -6.928013e-02 8.305503e-02 -8.904402e-02
1.922497e+05 -1.037326e-01 9.393224e-03 1.092171e+00 7.882076e-03 -2.431001e-02 4.543674e-02 -6.535470e-02 7.947317e-02 -8.677238e-02
1.963879e+05 -9.799496e-02 8.580740e-03 1.087387e+00 7.240728e-03 -2.247053e-02 4.233085e-02 -6.151455e-02 7.580959e-02 -8.418309e-02
2.006152e+05 -9.245068e-02 7.832680e-03 1.082729e+00 6.645753e-03 -2.074654e-02 3.937622e-02 -5.777699e-02 7.210439e-02 -8.133840e-02
2.049335e+05 -8.710028e-02 7.144104e-03 1.078200e+00 6.094214e-03 -1.913332e-02 3.657367e-02 -5.415860e-02 6.839647e-02 -7.829900e-02
2.093447e+05 -8.194324e-02 6.510788e-03 1.073804e+00 5.583483e-03 -1.762606e-02 3.392172e-02 -5.066974e-02 6.471473e-02 -7.511488e-02
2.138509e+05 -7.697820e-02 5.928896e-03 1.069545e+00 5.111091e-03 -1.621990e-02 3.141765e-02 -4.731756e-02 6.108299e-02 -7.182881e-02
2.184540e+05 -7.220400e-02 5.394576e-03 1.065424e+00 4.674571e-03 -1.491000e-02 2.905878e-02 -4.410917e-02 5.752498e-02 -6.848503e-02
2.231563e+05 -6.761912e-02 4.904096e-03 1.061443e+00 4.271509e-03 -1.369152e-02 2.684217e-02 -4.105095e-02 5.406306e-02 -6.512462e-02
2.279597e+05 -6.322104e-02 4.454332e-03 1.057604e+00 3.899806e-03 -1.255989e-02 2.476374e-02 -3.814508e-02 5.071152e-02 -6.177850e-02
2.328666e+05 -5.900668e-02 4.042384e-03 1.053906e+00 3.557476e-03 -1.151060e-02 2.281898e-02 -3.539219e-02 4.748178e-02 -5.847271e-02
2.378791e+05 -5.497308e-02 3.665359e-03 1.050350e+00 3.242536e-03 -1.053916e-02 2.100337e-02 -3.279289e-02 4.438528e-02 -5.523399e-02
2.429995e+05 -5.111696e-02 3.320479e-03 1.046936e+00 2.953070e-03 -9.641160e-03 1.931228e-02 -3.034722e-02 4.143195e-02 -5.208603e-02
2.482300e+05 -4.743384e-02 3.005454e-03 1.043662e+00 2.687438e-03 -8.812567e-03 1.774067e-02 -2.805269e-02 3.862628e-02 -4.904400e-02
2.535732e+05 -4.391912e-02 2.718112e-03 1.040522e+00 2.444069e-03 -8.049444e-03 1.628343e-02 -2.590618e-02 3.597119e-02 -4.612155e-02
2.590314e+05 -4.056808e-02 2.456283e-03 1.037516e+00 2.221394e-03 -7.347853e-03 1.493541e-02 -2.390460e-02 3.346981e-02 -4.333054e-02
2.646071e+05 -3.737574e-02 2.217936e-03 1.034639e+00 2.017929e-03 -6.704015e-03 1.369152e-02 -2.204445e-02 3.112394e-02 -4.068208e-02
2.703028e+05 -3.433636e-02 2.001411e-03 1.031887e+00 1.832426e-03 -6.114591e-03 1.254681e-02 -2.032111e-02 2.893217e-02 -3.818092e-02
2.761211e+05 -3.144406e-02 1.805114e-03 1.029258e+00 1.663676e-03 -5.576319e-03 1.149633e-02 -1.872981e-02 2.689261e-02 -3.583034e-02
2.820646e+05 -2.869294e-02 1.627454e-03 1.026745e+00 1.510473e-03 -5.085937e-03 1.053514e-02 -1.726572e-02 2.500324e-02 -3.363490e-02
2.881361e+05 -2.607662e-02 1.466956e-03 1.024347e+00 1.371688e-03 -4.640332e-03 9.658362e-03 -1.592377e-02 2.326109e-02 -3.159481e-02
2.943383e+05 -2.358774e-02 1.322380e-03 1.022056e+00 1.246338e-03 -4.236684e-03 8.861258e-03 -1.469820e-02 2.166114e-02 -2.970895e-02
3.006739e+05 -2.121883e-02 1.192507e-03 1.019869e+00 1.133457e-03 -3.872203e-03 8.139096e-03 -1.358324e-02 2.019817e-02 -2.797372e-02
3.071460e+05 -1.896240e-02 1.076127e-03 1.017779e+00 1.032084e-03 -3.544107e-03 7.487149e-03 -1.257309e-02 1.886701e-02 -2.638610e-02
3.137573e+05 -1.681059e-02 9.721388e-04 1.015780e+00 9.413318e-04 -3.249788e-03 6.900864e-03 -1.166186e-02 1.766158e-02 -2.494239e-02
3.205110e+05 -1.475495e-02 8.795980e-04 1.013864e+00 8.604224e-04 -2.986879e-03 6.375912e-03 -1.084359e-02 1.657530e-02 -2.363560e-02
3.274100e+05 -1.278701e-02 7.975728e-04 1.012021e+00 7.885851e-04 -2.753033e-03 5.907986e-03 -1.011228e-02 1.560135e-02 -2.245912e-02
3.344576e+05 -1.089830e-02 7.251356e-04 1.010245e+00 7.250525e-04 -2.545911e-03 5.492795e-03 -9.461948e-03 1.473280e-02 -2.140676e-02
3.416568e+05 -9.080044e-03 6.614468e-04 1.008527e+00 6.691206e-04 -2.363333e-03 5.126238e-03 -8.886694e-03 1.396275e-02 -2.047113e-02
3.490110e+05 -7.323228e-03 6.057560e-04 1.006859e+00 6.201502e-04 -2.203278e-03 4.804420e-03 -8.380732e-03 1.328385e-02 -1.964358e-02
3.565235e+05 -5.618812e-03 5.573176e-04 1.005235e+00 5.775045e-04 -2.063734e-03 4.523462e-03 -7.938242e-03 1.268881e-02 -1.891692e-02
3.641977e+05 -3.957743e-03 5.153924e-04 1.003647e+00 5.405528e-04 -1.942702e-03 4.279499e-03 -7.553486e-03 1.217044e-02 -1.828190e-02
3.720371e+05 -2.331009e-03 4.793216e-04 1.002087e+00 5.087276e-04 -1.838368e-03 4.068976e-03 -7.221037e-03 1.172170e-02 -1.773099e-02
3.800452e+05 -7.296184e-04 4.485076e-04 1.000547e+00 4.815086e-04 -1.749050e-03 3.888560e-03 -6.935725e-03 1.133583e-02 -1.725628e-02
3.882258e+05 8.554008e-04 4.223540e-04 9.990193e-01 4.583770e-04 -1.673071e-03 3.734921e-03 -6.692432e-03 1.100609e-02 -1.684924e-02
3.965824e+05 2.432962e-03 4.002756e-04 9.974939e-01 4.388233e-04 -1.608784e-03 3.604790e-03 -6.486081e-03 1.072579e-02 -1.650229e-02
4.051188e+05 4.011520e-03 3.817772e-04 9.959636e-01 4.224152e-04 -1.554781e-03 3.495355e-03 -6.312286e-03 1.048911e-02 -1.620844e-02
4.138391e+05 5.599292e-03 3.664127e-04 9.944204e-01 4.087601e-04 -1.509782e-03 3.404043e-03 -6.167013e-03 1.029067e-02 -1.596086e-02
4.227470e+05 7.204488e-03 3.537361e-04 9.928580e-01 3.974669e-04 -1.472510e-03 3.328289e-03 -6.046219e-03 1.012510e-02 -1.575356e-02
4.318467e+05 8.835180e-03 3.433190e-04 9.912684e-01 3.881593e-04 -1.441737e-03 3.265626e-03 -5.946049e-03 9.987150e-03 -1.557983e-02
4.411422e+05 1.049874e-02 3.348298e-04 9.896445e-01 3.805454e-04 -1.416505e-03 3.214128e-03 -5.863462e-03 9.872757e-03 -1.543463e-02
4.506379e+05 1.220228e-02 3.279727e-04 9.879800e-01 3.743644e-04 -1.395960e-03 3.172069e-03 -5.795745e-03 9.778273e-03 -1.531335e-02
4.603379e+05 1.395290e-02 3.224526e-04 9.862684e-01 3.693564e-04 -1.379252e-03 3.137732e-03 -5.740162e-03 9.700046e-03 -1.521208e-02
4.702467e+05 1.575758e-02 3.179968e-04 9.845025e-01 3.652808e-04 -1.365590e-03 3.109522e-03 -5.694216e-03 9.634683e-03 -1.512620e-02
4.803688e+05 1.762268e-02 3.144188e-04 9.826767e-01 3.619730e-04 -1.354434e-03 3.086350e-03 -5.656171e-03 9.579815e-03 -1.505290e-02
4.907088e+05 1.955439e-02 3.115546e-04 9.807844e-01 3.592880e-04 -1.345309e-03 3.067252e-03 -5.624515e-03 9.533385e-03 -1.498960e-02
5.012714e+05 2.155892e-02 3.092404e-04 9.788216e-01 3.570813e-04 -1.337740e-03 3.051270e-03 -5.597704e-03 9.493389e-03 -1.493428e-02
5.120613e+05 2.364238e-02 3.073322e-04 9.767809e-01 3.552254e-04 -1.331307e-03 3.037553e-03 -5.574420e-03 9.457958e-03 -1.488396e-02
5.230835e+05 2.581063e-02 3.057378e-04 9.746567e-01 3.536387e-04 -1.325742e-03 3.025560e-03 -5.553792e-03 9.425942e-03 -1.483756e-02
5.343429e+05 2.806950e-02 3.043748e-04 9.724433e-01 3.522483e-04 -1.320806e-03 3.014802e-03 -5.535044e-03 9.396280e-03 -1.479370e-02
5.458447e+05 3.042485e-02 3.031752e-04 9.701349e-01 3.509934e-04 -1.316298e-03 3.004876e-03 -5.517529e-03 9.368076e-03 -1.475155e-02
5.575941e+05 3.288264e-02 3.020908e-04 9.677273e-01 3.498316e-04 -1.312079e-03 2.995494e-03 -5.500793e-03 9.340745e-03 -1.470991e-02
5.695963e+05 3.544882e-02 3.010768e-04 9.652141e-01 3.487226e-04 -1.308014e-03 2.986390e-03 -5.484408e-03 9.313665e-03 -1.466852e-02
5.818570e+05 3.812943e-02 3.001006e-04 9.625903e-01 3.476374e-04 -1.304008e-03 2.977362e-03 -5.468078e-03 9.286422e-03 -1.462596e-02
5.943815e+05 4.093064e-02 2.991402e-04 9.598458e-01 3.465557e-04 -1.299993e-03 2.968277e-03 -5.451544e-03 9.258645e-03 -1.458266e-02
6.071756e+05 4.385860e-02 2.981749e-04 9.569743e-01 3.454589e-04 -1.295907e-03 2.958998e-03 -5.434609e-03 9.230124e-03 -1.453804e-02
6.202452e+05 4.692008e-02 2.971926e-04 9.539700e-01 3.443356e-04 -1.291713e-03 2.949456e-03 -5.417139e-03 9.200580e-03 -1.449190e-02
6.335960e+05 5.012192e-02 2.961846e-04 9.508294e-01 3.431780e-04 -1.287381e-03 2.939587e-03 -5.399058e-03 9.169959e-03 -1.444378e-02
6.472342e+05 5.347120e-02 2.951427e-04 9.475482e-01 3.419784e-04 -1.282889e-03 2.929342e-03 -5.380272e-03 9.138116e-03 -1.439341e-02
6.611660e+05 5.697504e-02 2.940610e-04 9.441178e-01 3.407308e-04 -1.278213e-03 2.918676e-03 -5.360696e-03 9.104899e-03 -1.434121e-02
6.753977e+05 6.064072e-02 2.929340e-04 9.405275e-01 3.394297e-04 -1.273335e-03 2.907542e-03 -5.340259e-03 9.070208e-03 -1.428656e-02
6.899357e+05 6.447604e-02 2.917572e-04 9.367702e-01 3.380703e-04 -1.268237e-03 2.895905e-03 -5.318888e-03 9.033931e-03 -1.422955e-02
7.047866e+05 6.848936e-02 2.905279e-04 9.328401e-01 3.366499e-04 -1.262909e-03 2.883742e-03 -5.296550e-03 8.996008e-03 -1.416997e-02
7.199572e+05 7.268912e-02 2.892438e-04 9.287309e-01 3.351656e-04 -1.257342e-03 2.871032e-03 -5.273211e-03 8.956366e-03 -1.410740e-02
7.354544e+05 7.708356e-02 2.879013e-04 9.244340e-01 3.336139e-04 -1.251522e-03 2.857745e-03 -5.248806e-03 8.914862e-03 -1.404217e-02
7.512851e+05 8.168128e-02 2.864966e-04 9.199358e-01 3.319899e-04 -1.245430e-03 2.843836e-03 -5.223257e-03 8.871491e-03 -1.397394e-02
7.674566e+05 8.649100e-02 2.850253e-04 9.152241e-01 3.302891e-04 -1.239050e-03 2.829268e-03 -5.196505e-03 8.826055e-03 -1.390217e-02
7.839762e+05 9.152236e-02 2.834850e-04 9.102905e-01 3.285082e-04 -1.232369e-03 2.814016e-03 -5.168493e-03 8.778466e-03 -1.382721e-02
8.008514e+05 9.678536e-02 2.818738e-04 9.051292e-01 3.266453e-04 -1.225381e-03 2.798061e-03 -5.139185e-03 8.728711e-03 -1.374896e-02
8.180898e+05 1.022899e-01 2.801895e-04 8.997345e-01 3.246979e-04 -1.218076e-03 2.781381e-03 -5.108556e-03 8.676672e-03 -1.366686e-02
8.356993e+05 1.080460e-01 2.784290e-04 8.940942e-01 3.226622e-04 -1.210440e-03 2.763945e-03 -5.076528e-03 8.622310e-03 -1.358141e-02
8.536878e+05 1.140641e-01 2.765883e-04 8.881977e-01 3.205339e-04 -1.202456e-03 2.745717e-03 -5.043056e-03 8.565418e-03 -1.349159e-02
8.720635e+05 1.203544e-01 2.746641e-04 8.820335e-01 3.183088e-04 -1.194109e-03 2.726659e-03 -5.008053e-03 8.506001e-03 -1.339794e-02
8.908348e+05 1.269279e-01 2.726530e-04 8.755910e-01 3.159832e-04 -1.185386e-03 2.706741e-03 -4.971465e-03 8.443849e-03 -1.330023e-02
9.100101e+05 1.337954e-01 2.705521e-04 8.688594e-01 3.135535e-04 -1.176271e-03 2.685931e-03 -4.933248e-03 8.378949e-03 -1.319787e-02
9.295982e+05 1.409679e-01 2.683577e-04 8.618280e-01 3.110157e-04 -1.166751e-03 2.664195e-03 -4.893330e-03 8.311116e-03 -1.309103e-02
9.496079e+05 1.484564e-01 2.660666e-04 8.544868e-01 3.083659e-04 -1.156811e-03 2.641499e-03 -4.851646e-03 8.240302e-03 -1.297948e-02
9.700483e+05 1.562720e-01 2.636749e-04 8.468237e-01 3.055998e-04 -1.146435e-03 2.617809e-03 -4.808131e-03 8.166405e-03 -1.286311e-02
9.909287e+05 1.644259e-01 2.611797e-04 8.388273e-01 3.027137e-04 -1.135608e-03 2.593089e-03 -4.762730e-03 8.089272e-03 -1.274172e-02
1.012259e+06 1.729292e-01 2.585772e-04 8.304875e-01 2.997033e-04 -1.124316e-03 2.567305e-03 -4.715373e-03 8.008877e-03 -1.261509e-02
1.034048e+06 1.817929e-01 2.558642e-04 8.217923e-01 2.965649e-04 -1.112543e-03 2.540424e-03 -4.666006e-03 7.925030e-03 -1.248298e-02
1.056306e+06 1.910274e-01 2.530371e-04 8.127316e-01 2.932945e-04 -1.100274e-03 2.512412e-03 -4.614559e-03 7.837647e-03 -1.234523e-02
1.079043e+06 2.006430e-01 2.500928e-04 8.032941e-01 2.898882e-04 -1.087496e-03 2.483238e-03 -4.560978e-03 7.746617e-03 -1.220181e-02
1.102269e+06 2.106502e-01 2.470280e-04 7.934697e-01 2.863423e-04 -1.074195e-03 2.452867e-03 -4.505195e-03 7.651876e-03 -1.205270e-02
1.125996e+06 2.210587e-01 2.438396e-04 7.832491e-01 2.826533e-04 -1.060356e-03 2.421269e-03 -4.447161e-03 7.553303e-03 -1.189752e-02
1.150233e+06 2.318780e-01 2.405248e-04 7.726224e-01 2.788177e-04 -1.045968e-03 2.388417e-03 -4.386820e-03 7.450810e-03 -1.173613e-02
1.174992e+06 2.431161e-01 2.370809e-04 7.615810e-01 2.748324e-04 -1.031018e-03 2.354283e-03 -4.324130e-03 7.344323e-03 -1.156826e-02
1.200284e+06 2.547802e-01 2.335054e-04 7.501163e-01 2.706945e-04 -1.015496e-03 2.318842e-03 -4.259033e-03 7.233764e-03 -1.139416e-02
1.226120e+06 2.668776e-01 2.297959e-04 7.382220e-01 2.664015e-04 -9.993913e-04 2.282069e-03 -4.191503e-03 7.119069e-03 -1.121330e-02
1.252512e+06 2.794142e-01 2.259507e-04 7.258908e-01 2.619509e-04 -9.826963e-04 2.243950e-03 -4.121478e-03 7.000147e-03 -1.102638e-02
1.279473e+06 2.923946e-01 2.219682e-04 7.131186e-01 2.573411e-04 -9.654030e-04 2.204465e-03 -4.048965e-03 6.876970e-03 -1.083215e-02
1.307013e+06 3.058222e-01 2.178470e-04 6.999008e-01 2.525704e-04 -9.475072e-04 2.163603e-03 -3.973914e-03 6.749480e-03 -1.063136e-02
1.335147e+06 3.196982e-01 2.135867e-04 6.862351e-01 2.476382e-04 -9.290048e-04 2.121356e-03 -3.896320e-03 6.617705e-03 -1.042376e-02
1.363886e+06 3.340227e-01 2.091868e-04 6.721206e-01 2.425441e-04 -9.098951e-04 2.077723e-03 -3.816177e-03 6.481580e-03 -1.020952e-02
1.393244e+06 3.487949e-01 2.046478e-04 6.575585e-01 2.372883e-04 -8.901790e-04 2.032705e-03 -3.733497e-03 6.341155e-03 -9.988316e-03
1.423234e+06 3.640100e-01 1.999704e-04 6.425512e-01 2.318720e-04 -8.698609e-04 1.986312e-03 -3.648288e-03 6.196409e-03 -9.760237e-03
1.453869e+06 3.796625e-01 1.951565e-04 6.271041e-01 2.262969e-04 -8.489470e-04 1.938558e-03 -3.560581e-03 6.047440e-03 -9.525495e-03
1.485164e+06 3.957444e-01 1.902083e-04 6.112243e-01 2.205658e-04 -8.274473e-04 1.889467e-03 -3.470418e-03 5.894297e-03 -9.284403e-03
1.517132e+06 4.122436e-01 1.851288e-04 5.949214e-01 2.146820e-04 -8.053751e-04 1.839068e-03 -3.377855e-03 5.737076e-03 -9.036659e-03
1.549788e+06 4.291472e-01 1.799218e-04 5.782081e-01 2.086501e-04 -7.827474e-04 1.787401e-03 -3.282955e-03 5.575925e-03 -8.782858e-03
1.583148e+06 4.464388e-01 1.745924e-04 5.610996e-01 2.024757e-04 -7.595848e-04 1.734512e-03 -3.185816e-03 5.410934e-03 -8.522954e-03
1.617225e+06 4.640976e-01 1.691462e-04 5.436144e-01 1.961653e-04 -7.359123e-04 1.680459e-03 -3.086537e-03 5.242307e-03 -8.257317e-03
1.652036e+06 4.821024e-01 1.635902e-04 5.257741e-01 1.897268e-04 -7.117589e-04 1.625309e-03 -2.985242e-03 5.070234e-03 -7.986439e-03
1.687596e+06 5.004252e-01 1.579318e-04 5.076034e-01 1.831691e-04 -6.871586e-04 1.569136e-03 -2.882072e-03 4.895024e-03 -7.710387e-03
1.723922e+06 5.190352e-01 1.521798e-04 4.891303e-01 1.765023e-04 -6.621493e-04 1.512030e-03 -2.777177e-03 4.716880e-03 -7.429996e-03
1.761030e+06 5.378996e-01 1.463445e-04 4.703865e-01 1.697380e-04 -6.367729e-04 1.454086e-03 -2.670763e-03 4.536117e-03 -7.145033e-03
1.798936e+06 5.569832e-01 1.404366e-04 4.514081e-01 1.628890e-04 -6.110798e-04 1.395418e-03 -2.562998e-03 4.353084e-03 -6.856981e-03
1.837658e+06 5.762468e-01 1.344690e-04 4.322350e-01 1.559698e-04 -5.851229e-04 1.336145e-03 -2.454143e-03 4.168228e-03 -6.565414e-03
1.877214e+06 5.956488e-01 1.284546e-04 4.129096e-01 1.489957e-04 -5.589602e-04 1.276406e-03 -2.344414e-03 3.981822e-03 -6.271933e-03
1.917621e+06 6.151360e-01 1.224076e-04 3.934771e-01 1.419830e-04 -5.326525e-04 1.216333e-03 -2.234078e-03 3.794432e-03 -5.976795e-03
1.958898e+06 6.346556e-01 1.163431e-04 3.739854e-01 1.349490e-04 -5.062649e-04 1.156079e-03 -2.123408e-03 3.606455e-03 -5.680692e-03
2.001064e+06 6.541532e-01 1.102771e-04 3.544868e-01 1.279126e-04 -4.798680e-04 1.095802e-03 -2.012699e-03 3.418422e-03 -5.384552e-03
2.044137e+06 6.735732e-01 1.042272e-04 3.350375e-01 1.208940e-04 -4.535385e-04 1.035678e-03 -1.902265e-03 3.230885e-03 -5.089161e-03
2.088137e+06 6.928600e-01 9.821164e-05 3.156961e-01 1.139145e-04 -4.273545e-04 9.758887e-04 -1.792451e-03 3.044347e-03 -4.795386e-03
2.133085e+06 7.119516e-01 9.224896e-05 2.965226e-01 1.069955e-04 -4.013984e-04 9.166183e-04 -1.683587e-03 2.859464e-03 -4.504115e-03
2.179000e+06 7.307856e-01 8.635840e-05 2.775784e-01 1.001594e-04 -3.757529e-04 8.580575e-04 -1.576020e-03 2.676758e-03 -4.216521e-03
2.225903e+06 7.492980e-01 8.055912e-05 2.589261e-01 9.342862e-05 -3.505025e-04 8.003978e-04 -1.470117e-03 2.496873e-03 -3.933116e-03
2.273816e+06 7.674272e-01 7.487096e-05 2.406286e-01 8.682603e-05 -3.257325e-04 7.438343e-04 -1.366234e-03 2.320446e-03 -3.655039e-03
2.322760e+06 7.851124e-01 6.931332e-05 2.227491e-01 8.037422e-05 -3.015286e-04 6.885648e-04 -1.264718e-03 2.148033e-03 -3.383433e-03
2.372757e+06 8.022928e-01 6.390532e-05 2.053491e-01 7.409554e-05 -2.779741e-04 6.347769e-04 -1.165919e-03 1.980225e-03 -3.119291e-03
2.423831e+06 8.189092e-01 5.866540e-05 1.884882e-01 6.801139e-05 -2.551495e-04 5.826558e-04 -1.070186e-03 1.817648e-03 -2.863174e-03
2.476005e+06 8.349024e-01 5.361120e-05 1.722231e-01 6.214233e-05 -2.331313e-04 5.323763e-04 -9.778414e-04 1.660798e-03 -2.615969e-03
2.529301e+06 8.502192e-01 4.875916e-05 1.566070e-01 5.650745e-05 -2.119921e-04 4.841036e-04 -8.891744e-04 1.510217e-03 -2.378833e-03
2.583744e+06 8.648164e-01 4.412452e-05 1.416892e-01 5.112464e-05 -1.917979e-04 4.379886e-04 -8.044786e-04 1.366353e-03 -2.152065e-03
2.639360e+06 8.786520e-01 3.972071e-05 1.275132e-01 4.600943e-05 -1.726082e-04 3.941689e-04 -7.239858e-04 1.229627e-03 -1.936921e-03
2.696172e+06 8.916932e-01 3.555933e-05 1.141165e-01 4.117554e-05 -1.544734e-04 3.527555e-04 -6.479254e-04 1.100452e-03 -1.733339e-03
2.754208e+06 9.039136e-01 3.164991e-05 1.015296e-01 3.663384e-05 -1.374349e-04 3.138476e-04 -5.764566e-04 9.790704e-04 -1.542360e-03
2.813492e+06 9.152900e-01 2.799930e-05 8.977559e-02 3.239266e-05 -1.215239e-04 2.775137e-04 -5.097251e-04 8.657055e-04 -1.363590e-03
2.874053e+06 9.258136e-01 2.461232e-05 7.886959e-02 2.845755e-05 -1.067609e-04 2.438000e-04 -4.478058e-04 7.605654e-04 -1.197902e-03
2.935917e+06 9.354820e-01 2.149102e-05 6.881851e-02 2.483083e-05 -9.315538e-05 2.127305e-04 -3.907328e-04 6.636235e-04 -1.045320e-03
2.999113e+06 9.442972e-01 1.863498e-05 5.962061e-02 2.151205e-05 -8.070444e-05 1.842985e-04 -3.385110e-04 5.749317e-04 -9.056675e-04
3.063670e+06 9.522764e-01 1.604076e-05 5.126599e-02 1.849752e-05 -6.939543e-05 1.584727e-04 -2.910720e-04 4.943683e-04 -7.788276e-04
3.129615e+06 9.594420e-01 1.370287e-05 4.373630e-02 1.578069e-05 -5.920286e-05 1.351975e-04 -2.483240e-04 4.217317e-04 -6.643724e-04
3.196981e+06 9.658220e-01 1.161311e-05 3.700543e-02 1.335203e-05 -5.009167e-05 1.143912e-04 -2.101042e-04 3.568390e-04 -5.621721e-04
3.265796e+06 9.714540e-01 9.761104e-06 3.104024e-02 1.119971e-05 -4.201692e-05 9.595116e-05 -1.762380e-04 2.993225e-04 -4.714679e-04
3.336093e+06 9.763784e-01 8.134516e-06 2.580099e-02 9.309341e-06 -3.492486e-05 7.975493e-05 -1.464923e-04 2.488171e-04 -3.919642e-04
3.407902e+06 9.806400e-01 6.719364e-06 2.124263e-02 7.664602e-06 -2.875468e-05 6.566502e-05 -1.206094e-04 2.048428e-04 -3.225959e-04
3.481258e+06 9.842928e-01 5.500336e-06 1.731587e-02 6.247755e-06 -2.343926e-05 5.352686e-05 -9.831153e-05 1.669739e-04 -2.631499e-04
3.556192e+06 9.873912e-01 4.461024e-06 1.396804e-02 5.039840e-06 -1.890757e-05 4.317700e-05 -7.930683e-05 1.347182e-04 -2.121537e-04
3.632740e+06 9.899900e-01 3.584629e-06 1.114470e-02 4.021131e-06 -1.508567e-05 3.445033e-05 -6.327441e-05 1.074630e-04 -1.693982e-04
3.710935e+06 9.921440e-01 2.853876e-06 8.790678e-03 3.171719e-06 -1.189929e-05 2.717454e-05 -4.990356e-05 8.476931e-05 -1.337610e-04
3.790813e+06 9.939088e-01 2.251749e-06 6.851133e-03 2.471908e-06 -9.273856e-06 2.117846e-05 -3.889423e-05 6.607607e-05 -1.041712e-04
3.872411e+06 9.953352e-01 1.761820e-06 5.272935e-03 1.902502e-06 -7.137409e-06 1.629985e-05 -2.994081e-05 5.083173e-05 -8.001459e-05
3.955765e+06 9.964728e-01 1.368344e-06 4.005373e-03 1.445166e-06 -5.421749e-06 1.238105e-05 -2.273948e-05 3.862487e-05 -6.086499e-05
4.040913e+06 9.973688e-01 1.056585e-06 3.001054e-03 1.082796e-06 -4.062344e-06 9.277389e-06 -1.703449e-05 2.893904e-05 -4.574841e-05
4.127894e+06 9.980628e-01 8.131120e-07 2.216613e-03 7.997747e-07 -3.000385e-06 6.851898e-06 -1.258576e-05 2.137803e-05 -3.365098e-05
4.216748e+06 9.985924e-01 6.256368e-07 1.612935e-03 5.819310e-07 -2.183376e-06 4.986031e-06 -9.156890e-06 1.556159e-05 -2.454513e-05
4.307514e+06 9.989912e-01 4.836324e-07 1.155495e-03 4.168563e-07 -1.564098e-06 3.572653e-06 -6.562281e-06 1.114034e-05 -1.755760e-05
4.400233e+06 9.992856e-01 3.778016e-07 8.144290e-04 2.938101e-07 -1.102403e-06 2.518059e-06 -4.624011e-06 7.853386e-06 -1.234559e-05
4.494949e+06 9.995004e-01 3.001374e-07 5.643512e-04 2.035468e-07 -7.639283e-07 1.745789e-06 -3.200797e-06 5.405582e-06 -8.656008e-06
4.591703e+06 9.996544e-01 2.442709e-07 3.842189e-04 1.386186e-07 -5.199566e-07 1.186958e-06 -2.183245e-06 3.719646e-06 -5.766673e-06
4.690540e+06 9.997604e-01 2.047021e-07 2.568522e-04 9.265984e-08 -3.475167e-07 7.944714e-07 -1.459949e-06 2.448346e-06 -3.901332e-06
4.791505e+06 9.998320e-01 1.772950e-07 1.684764e-04 6.077202e-08 -2.278581e-07 5.207273e-07 -9.581886e-07 1.611147e-06 -2.573177e-06
4.894642e+06 9.998812e-01 1.585936e-07 1.083293e-04 3.905706e-08 -1.465591e-07 3.351909e-07 -6.163121e-07 1.046546e-06 -1.650167e-06
5.000000e+06 9.999208e-01 1.461480e-07 6.820539e-05 2.460859e-08 -9.230341e-08 2.105271e-07 -3.894520e-07 6.743646e-07 -9.619992e-07
